# # region ID, AHF ID, Caesar Hid, Gid, dist hpos, gpos, select Mgal
1.000000000000000000e+00 1.280000000000010000e+14 0.000000000000000000e+00 0.000000000000000000e+00 2.585185636837917264e+04 2.635380662372272127e+02 1.250319936914484309e+01
2.000000000000000000e+00 1.280000000000010000e+14 0.000000000000000000e+00 0.000000000000000000e+00 2.426439822264355462e+04 1.013913686017137081e+02 1.262505752834340278e+01
3.000000000000000000e+00 1.280000000000010000e+14 0.000000000000000000e+00 0.000000000000000000e+00 1.977188496890005263e+04 1.038078744656389460e+02 1.249494404222497757e+01
4.000000000000000000e+00 1.280000000000010000e+14 0.000000000000000000e+00 0.000000000000000000e+00 3.588383960277034930e+04 2.504888753637772822e+02 1.237343160225819005e+01
5.000000000000000000e+00 1.280000000000010000e+14 0.000000000000000000e+00 1.000000000000000000e+00 1.535182927399878463e+04 9.805021366527883231e+01 1.231949925377287691e+01
6.000000000000000000e+00 1.280000000000010000e+14 0.000000000000000000e+00 0.000000000000000000e+00 1.439992511520710104e+04 3.686878914844294286e+01 1.244887728805915117e+01
7.000000000000000000e+00 1.280000000000010000e+14 0.000000000000000000e+00 0.000000000000000000e+00 2.255341471461755646e+04 1.627061478217383694e+02 1.259190336968349655e+01
8.000000000000000000e+00 1.280000000000010000e+14 0.000000000000000000e+00 3.000000000000000000e+00 1.854123922697745365e+04 1.881137769084133424e+02 1.209308385681311471e+01
9.000000000000000000e+00 1.280000000000010000e+14 0.000000000000000000e+00 1.000000000000000000e+00 1.176636602066988962e+04 7.037304496588319580e+01 1.236308837486349077e+01
1.000000000000000000e+01 1.280000000000010000e+14 0.000000000000000000e+00 3.000000000000000000e+00 2.207456275112389267e+04 2.859653892730768803e+02 1.220127544402192044e+01
1.100000000000000000e+01 1.280000000000010000e+14 0.000000000000000000e+00 0.000000000000000000e+00 2.465613387416931073e+04 1.574995287708765090e+02 1.220610460047397616e+01
1.200000000000000000e+01 1.280000000000010000e+14 0.000000000000000000e+00 0.000000000000000000e+00 2.448261823788670881e+04 1.372537900351245810e+02 1.223175290521922065e+01
1.300000000000000000e+01 1.280000000000010000e+14 0.000000000000000000e+00 0.000000000000000000e+00 2.405675044009992416e+04 2.398448323178712371e+02 1.216308581773494346e+01
1.400000000000000000e+01 1.280000000000010000e+14 0.000000000000000000e+00 2.000000000000000000e+00 6.570043623399759781e+03 2.261121359587610584e+02 1.202750887576701899e+01
1.500000000000000000e+01 1.280000000000010000e+14 0.000000000000000000e+00 0.000000000000000000e+00 1.406108215651311548e+04 6.417018094893421676e+01 1.250392591315478619e+01
1.600000000000000000e+01 1.280000000000010000e+14 0.000000000000000000e+00 1.000000000000000000e+00 4.598764363257650257e+04 1.888812634015875460e+02 1.237561543545781717e+01
1.700000000000000000e+01 1.280000000000010000e+14 0.000000000000000000e+00 0.000000000000000000e+00 1.196172748954045528e+04 9.896374396432740639e+01 1.238878444327804296e+01
1.800000000000000000e+01 1.280000000000010000e+14 0.000000000000000000e+00 1.000000000000000000e+00 4.234088689858016733e+04 1.085032198414657501e+02 1.249322865100723057e+01
1.900000000000000000e+01 1.280000000000010000e+14 0.000000000000000000e+00 0.000000000000000000e+00 2.348969272778372033e+04 1.541871915132086883e+02 1.242664953235104086e+01
2.000000000000000000e+01 1.280000000000020000e+14 1.000000000000000000e+00 3.000000000000000000e+00 1.662576193451471045e+04 1.446500025002287941e+02 1.231740184090672585e+01
2.100000000000000000e+01 1.280000000000010000e+14 0.000000000000000000e+00 1.000000000000000000e+00 1.642017672864472479e+04 1.334755254210960516e+02 1.234467479413979163e+01
2.200000000000000000e+01 1.280000000000010000e+14 0.000000000000000000e+00 0.000000000000000000e+00 1.344698918099294860e+04 7.293578063813907875e+01 1.275632557014636426e+01
2.300000000000000000e+01 1.280000000000010000e+14 0.000000000000000000e+00 3.000000000000000000e+00 2.099360110832684222e+04 3.916163801060109222e+02 1.199310527497831558e+01
2.400000000000000000e+01 1.280000000000010000e+14 0.000000000000000000e+00 0.000000000000000000e+00 1.721171254893106743e+04 4.203380034403563315e+01 1.257808783617268666e+01
2.500000000000000000e+01 1.280000000000010000e+14 0.000000000000000000e+00 0.000000000000000000e+00 2.719550133275717599e+04 1.181144628995905492e+02 1.251881067127676062e+01
2.600000000000000000e+01 1.280000000000010000e+14 0.000000000000000000e+00 0.000000000000000000e+00 1.246526652268990074e+04 1.713093937522904469e+02 1.282498993008437971e+01
2.700000000000000000e+01 1.280000000000010000e+14 0.000000000000000000e+00 0.000000000000000000e+00 9.985778126227671237e+03 7.490898810785905937e+01 1.242399911744841567e+01
2.800000000000000000e+01 1.280000000000010000e+14 0.000000000000000000e+00 0.000000000000000000e+00 2.530326991839394032e+04 1.832902376831654294e+02 1.254873981060292465e+01
2.900000000000000000e+01 1.280000000000010000e+14 0.000000000000000000e+00 0.000000000000000000e+00 7.503343156250964057e+03 8.144104855817789712e+01 1.267000409777467951e+01
3.000000000000000000e+01 1.280000000000010000e+14 0.000000000000000000e+00 0.000000000000000000e+00 2.880839747175251978e+04 1.441420653198848640e+02 1.280299860792638711e+01
3.100000000000000000e+01 1.280000000000010000e+14 0.000000000000000000e+00 0.000000000000000000e+00 2.651885277158547251e+04 9.277762511747833685e+01 1.234858867976752350e+01
3.200000000000000000e+01 1.280000000000010000e+14 0.000000000000000000e+00 0.000000000000000000e+00 5.450797030688964696e+03 1.825813648392710888e+02 1.275009455235798406e+01
3.300000000000000000e+01 1.280000000000010000e+14 0.000000000000000000e+00 0.000000000000000000e+00 7.100115575813440046e+03 8.282725796420228903e+01 1.276655879655229242e+01
3.400000000000000000e+01 1.280000000000010000e+14 0.000000000000000000e+00 0.000000000000000000e+00 1.057232308102707429e+04 4.689747180698370954e+01 1.228243980201467167e+01
3.500000000000000000e+01 1.280000000000010000e+14 0.000000000000000000e+00 0.000000000000000000e+00 2.710196452102744661e+04 3.535849611977730689e+01 1.270016938680225138e+01
3.600000000000000000e+01 1.280000000000010000e+14 0.000000000000000000e+00 0.000000000000000000e+00 1.375594145505635970e+04 1.704002401929752608e+01 1.247636366668043273e+01
3.700000000000000000e+01 1.280000000000010000e+14 0.000000000000000000e+00 0.000000000000000000e+00 1.960026284369420318e+04 8.375928337270889301e+01 1.250862806935864135e+01
3.800000000000000000e+01 1.280000000000010000e+14 0.000000000000000000e+00 0.000000000000000000e+00 1.206390952601804565e+04 2.104204335366593170e+02 1.203808187874592406e+01
3.900000000000000000e+01 1.280000000000010000e+14 0.000000000000000000e+00 0.000000000000000000e+00 1.989214303017800921e+04 2.177482286988885960e+02 1.248667960497481744e+01
4.000000000000000000e+01 1.280000000000010000e+14 0.000000000000000000e+00 0.000000000000000000e+00 1.942808618247307822e+04 1.244155130559254161e+02 1.227112478626305503e+01
4.100000000000000000e+01 1.280000000000010000e+14 0.000000000000000000e+00 0.000000000000000000e+00 2.463499145479869185e+04 6.917347524278811477e+01 1.255225027892912948e+01
4.200000000000000000e+01 1.280000000000010000e+14 0.000000000000000000e+00 0.000000000000000000e+00 8.123766184266993150e+03 9.139195104907122413e+01 1.224061436282946858e+01
4.300000000000000000e+01 1.280000000000010000e+14 0.000000000000000000e+00 0.000000000000000000e+00 9.093712382758998501e+03 9.296693573974251024e+01 1.232282969867685729e+01
4.400000000000000000e+01 1.280000000000010000e+14 0.000000000000000000e+00 1.000000000000000000e+00 1.508501422880709833e+04 1.128584051324846484e+02 1.217900470178813599e+01
4.500000000000000000e+01 1.280000000000010000e+14 0.000000000000000000e+00 0.000000000000000000e+00 1.602865046239878393e+04 1.123323068645769638e+02 1.280118423802819017e+01
4.600000000000000000e+01 1.280000000000010000e+14 0.000000000000000000e+00 0.000000000000000000e+00 1.061370710286823305e+04 9.602810539168164894e+01 1.253901257177164652e+01
4.700000000000000000e+01 1.280000000000020000e+14 0.000000000000000000e+00 3.000000000000000000e+00 6.721996746458018606e+03 8.397524424410313770e+01 1.211214179539662261e+01
4.800000000000000000e+01 1.280000000000010000e+14 0.000000000000000000e+00 0.000000000000000000e+00 2.230054760759294368e+04 9.652110646055746201e+01 1.227784292557777412e+01
4.900000000000000000e+01 1.280000000000010000e+14 0.000000000000000000e+00 0.000000000000000000e+00 1.549858087391686422e+04 3.119936718207313220e+02 1.236352199227348514e+01
5.000000000000000000e+01 1.280000000000010000e+14 0.000000000000000000e+00 0.000000000000000000e+00 8.129683625532578844e+03 1.214944608717761696e+02 1.254444662033203350e+01
5.100000000000000000e+01 1.280000000000010000e+14 0.000000000000000000e+00 0.000000000000000000e+00 2.620522784638662051e+04 2.197049436083648004e+02 1.228747190442322434e+01
5.200000000000000000e+01 1.280000000000010000e+14 0.000000000000000000e+00 0.000000000000000000e+00 8.157792888721692179e+03 8.682791785127480466e+01 1.244192964634558329e+01
5.300000000000000000e+01 1.280000000000010000e+14 0.000000000000000000e+00 0.000000000000000000e+00 5.824127000583652261e+03 1.037685581726424005e+02 1.251821424537662963e+01
5.400000000000000000e+01 1.280000000000010000e+14 0.000000000000000000e+00 1.000000000000000000e+00 1.257423739480355653e+04 4.977645248005010359e+01 1.225440233861484174e+01
5.500000000000000000e+01 1.280000000000010000e+14 0.000000000000000000e+00 0.000000000000000000e+00 2.351584200731650344e+04 5.659532586064439386e+01 1.227107648607980650e+01
5.600000000000000000e+01 1.280000000000010000e+14 0.000000000000000000e+00 0.000000000000000000e+00 1.296392149717641769e+04 1.311460385364398178e+02 1.263870027915792171e+01
5.700000000000000000e+01 1.280000000000010000e+14 0.000000000000000000e+00 0.000000000000000000e+00 2.601762077858604971e+04 2.130955519295262093e+02 1.238299072224136488e+01
5.800000000000000000e+01 1.280000000000010000e+14 0.000000000000000000e+00 0.000000000000000000e+00 6.347445327729890778e+03 7.664610844581783056e+01 1.241253376352941551e+01
5.900000000000000000e+01 1.280000000000010000e+14 0.000000000000000000e+00 0.000000000000000000e+00 5.453189322106754844e+03 8.848520213353373265e+01 1.266495419613501205e+01
6.000000000000000000e+01 1.280000000000010000e+14 0.000000000000000000e+00 0.000000000000000000e+00 1.297318827859954399e+04 1.103104816861172139e+02 1.222575401502187376e+01
6.100000000000000000e+01 1.280000000000010000e+14 0.000000000000000000e+00 0.000000000000000000e+00 3.191371822925600100e+03 9.347762691249987199e+01 1.234985171494378697e+01
6.200000000000000000e+01 1.280000000000010000e+14 0.000000000000000000e+00 5.000000000000000000e+00 1.913013009467389929e+04 2.135429653908099397e+02 1.176683383012416506e+01
6.300000000000000000e+01 1.280000000000010000e+14 0.000000000000000000e+00 0.000000000000000000e+00 1.158050772455315746e+04 1.825180187128124771e+02 1.287399498635619288e+01
6.400000000000000000e+01 1.280000000000010000e+14 0.000000000000000000e+00 1.000000000000000000e+00 1.567242495781685648e+04 1.747461221178904793e+02 1.220371462917360361e+01
6.500000000000000000e+01 1.280000000000010000e+14 0.000000000000000000e+00 0.000000000000000000e+00 1.086859668815812620e+04 3.458291118176666856e+01 1.226855759874069740e+01
6.600000000000000000e+01 1.280000000000010000e+14 0.000000000000000000e+00 0.000000000000000000e+00 1.338692075104311334e+04 1.191201029413573025e+02 1.227528137588748258e+01
6.700000000000000000e+01 1.280000000000010000e+14 0.000000000000000000e+00 0.000000000000000000e+00 8.923065300383923386e+03 5.210931598861077418e+01 1.250282675251979114e+01
6.800000000000000000e+01 1.280000000000010000e+14 0.000000000000000000e+00 0.000000000000000000e+00 4.496818179237389268e+04 1.444283405301853236e+02 1.245836620710245057e+01
6.900000000000000000e+01 1.280000000000010000e+14 0.000000000000000000e+00 0.000000000000000000e+00 7.100366952281912745e+03 6.260964270872953108e+01 1.269383390436675185e+01
7.000000000000000000e+01 1.280000000000010000e+14 0.000000000000000000e+00 0.000000000000000000e+00 2.729682221670330546e+04 5.267400135604694356e+01 1.241738720914473149e+01
7.100000000000000000e+01 1.280000000000010000e+14 0.000000000000000000e+00 0.000000000000000000e+00 1.971656051626123372e+04 2.292069283249354612e+02 1.243596895705574390e+01
7.200000000000000000e+01 1.280000000000010000e+14 0.000000000000000000e+00 0.000000000000000000e+00 2.752964959664268099e+04 8.887542196426102237e+01 1.268454970946738314e+01
7.300000000000000000e+01 1.280000000000010000e+14 0.000000000000000000e+00 1.000000000000000000e+00 5.087097156609662306e+03 7.105388944711626209e+01 1.223881867372052668e+01
7.400000000000000000e+01 1.280000000000010000e+14 0.000000000000000000e+00 0.000000000000000000e+00 1.547686764420892541e+04 9.177827417794154030e+01 1.269111405518621716e+01
7.500000000000000000e+01 1.280000000000010000e+14 0.000000000000000000e+00 0.000000000000000000e+00 1.933001379277373053e+04 1.025110464481094539e+02 1.239984209557800199e+01
7.600000000000000000e+01 1.280000000000010000e+14 0.000000000000000000e+00 1.000000000000000000e+00 3.831068370987253729e+03 1.515712599161344372e+02 1.234141502231334897e+01
7.700000000000000000e+01 1.280000000000010000e+14 0.000000000000000000e+00 0.000000000000000000e+00 1.165536289600862983e+04 8.922966407901076025e+01 1.243972632571540338e+01
7.800000000000000000e+01 1.280000000000010000e+14 0.000000000000000000e+00 0.000000000000000000e+00 1.533015955826737991e+04 5.868664189011984433e+01 1.228908190741109152e+01
7.900000000000000000e+01 1.280000000000010000e+14 0.000000000000000000e+00 0.000000000000000000e+00 1.346006829508066585e+04 9.298257806986370611e+01 1.257264583367535415e+01
8.000000000000000000e+01 1.280000000000020000e+14 0.000000000000000000e+00 1.000000000000000000e+00 1.642138044844241449e+04 2.849145987145687542e+01 1.243426745621203189e+01
8.100000000000000000e+01 1.280000000000010000e+14 0.000000000000000000e+00 0.000000000000000000e+00 1.699071545617115407e+04 5.763612929681020347e+01 1.240311988749679273e+01
8.200000000000000000e+01 1.280000000000010000e+14 0.000000000000000000e+00 0.000000000000000000e+00 1.672165333811051823e+04 1.003354187651599005e+02 1.277483369636078692e+01
8.300000000000000000e+01 1.280000000000010000e+14 0.000000000000000000e+00 0.000000000000000000e+00 2.400236514501561032e+03 9.636631553776858539e+01 1.254739099021882076e+01
8.400000000000000000e+01 1.280000000000010000e+14 0.000000000000000000e+00 0.000000000000000000e+00 6.943651225040926874e+03 3.907351687283557453e+02 1.261022615746993480e+01
8.500000000000000000e+01 1.280000000000010000e+14 0.000000000000000000e+00 0.000000000000000000e+00 2.404894724068112555e+04 7.454840128409554723e+01 1.217485087217009720e+01
8.600000000000000000e+01 1.280000000000010000e+14 0.000000000000000000e+00 0.000000000000000000e+00 6.788182819485531581e+03 1.764717672209084185e+02 1.189750759388264889e+01
8.700000000000000000e+01 1.280000000000010000e+14 0.000000000000000000e+00 0.000000000000000000e+00 7.523767277479422773e+03 1.230587398141042286e+02 1.217056085077101635e+01
8.800000000000000000e+01 1.280000000000010000e+14 0.000000000000000000e+00 0.000000000000000000e+00 1.646434004458798154e+04 3.409646175976926230e+01 1.229696921896347739e+01
8.900000000000000000e+01 1.280000000000010000e+14 0.000000000000000000e+00 0.000000000000000000e+00 4.452330349399825536e+03 1.717660929857169378e+02 1.257883509085579377e+01
9.000000000000000000e+01 1.280000000000020000e+14 0.000000000000000000e+00 3.000000000000000000e+00 9.893030404065772018e+03 1.950283498533538307e+02 1.207521804223533657e+01
9.100000000000000000e+01 1.280000000000010000e+14 0.000000000000000000e+00 0.000000000000000000e+00 2.221313093309947362e+03 4.496339350225923681e+01 1.240105732113572223e+01
9.200000000000000000e+01 1.280000000000010000e+14 0.000000000000000000e+00 1.000000000000000000e+00 1.046920954586422522e+04 1.800456937219507836e+01 1.212413408284504968e+01
9.300000000000000000e+01 1.280000000000010000e+14 0.000000000000000000e+00 0.000000000000000000e+00 1.136195261476145060e+04 1.524033376729707925e+02 1.259857184280369680e+01
9.400000000000000000e+01 1.280000000000010000e+14 0.000000000000000000e+00 0.000000000000000000e+00 3.484728934485210630e+03 1.326771467462767191e+02 1.219505976103144285e+01
9.500000000000000000e+01 1.280000000000020000e+14 1.000000000000000000e+00 1.000000000000000000e+00 1.861148646964189174e+04 7.851601111624445650e+01 1.220174081173684222e+01
9.600000000000000000e+01 1.280000000000010000e+14 0.000000000000000000e+00 0.000000000000000000e+00 2.290588996418565876e+04 1.710189966251240890e+02 1.245626271481955172e+01
9.700000000000000000e+01 1.280000000000010000e+14 0.000000000000000000e+00 0.000000000000000000e+00 1.581221864842117429e+04 1.905126858120398197e+02 1.249918747380922390e+01
9.800000000000000000e+01 1.280000000000010000e+14 0.000000000000000000e+00 0.000000000000000000e+00 9.604957656369608230e+03 9.183147585046066297e+01 1.261337990420574329e+01
9.900000000000000000e+01 1.280000000000010000e+14 0.000000000000000000e+00 0.000000000000000000e+00 5.184277741519256779e+03 1.521689203770502559e+02 1.227927980935830377e+01
1.000000000000000000e+02 1.280000000000010000e+14 0.000000000000000000e+00 1.000000000000000000e+00 5.522544505210322313e+03 1.443627789425672177e+02 1.214494944206360572e+01
1.010000000000000000e+02 1.280000000000020000e+14 0.000000000000000000e+00 1.000000000000000000e+00 1.624581140924601641e+04 6.877394144855512081e+01 1.250874663972308909e+01
1.020000000000000000e+02 1.280000000000010000e+14 0.000000000000000000e+00 0.000000000000000000e+00 1.179098333795238977e+04 1.345706576513490234e+02 1.247024200986039766e+01
1.030000000000000000e+02 1.280000000000010000e+14 0.000000000000000000e+00 0.000000000000000000e+00 2.319537398727061009e+04 6.865426861958745519e+01 1.252169119839722278e+01
1.040000000000000000e+02 1.280000000000010000e+14 0.000000000000000000e+00 0.000000000000000000e+00 1.341967211199471421e+04 7.499094870938549207e+01 1.227944782801774615e+01
1.050000000000000000e+02 1.280000000000010000e+14 0.000000000000000000e+00 1.000000000000000000e+00 5.992286061373432858e+03 1.910416232776084939e+02 1.226759377872789614e+01
1.060000000000000000e+02 1.280000000000010000e+14 0.000000000000000000e+00 0.000000000000000000e+00 1.307691797948186650e+04 1.524350659659927487e+02 1.244501255260830597e+01
1.070000000000000000e+02 1.280000000000010000e+14 0.000000000000000000e+00 0.000000000000000000e+00 1.936420525634496153e+04 1.180326545762871149e+02 1.241525818507746770e+01
1.080000000000000000e+02 1.280000000000010000e+14 0.000000000000000000e+00 1.000000000000000000e+00 1.670405836021081268e+04 2.680738137796500098e+01 1.219901979401135428e+01
1.090000000000000000e+02 1.280000000000010000e+14 0.000000000000000000e+00 0.000000000000000000e+00 1.134948225047009691e+04 2.026367717485116771e+02 1.248194658302490190e+01
1.100000000000000000e+02 1.280000000000020000e+14 0.000000000000000000e+00 2.000000000000000000e+00 1.185975989428460016e+05 1.715206514167005025e+02 1.235091920715581360e+01
1.110000000000000000e+02 1.280000000000010000e+14 1.000000000000000000e+00 1.000000000000000000e+00 1.269570357020471420e+04 5.678892282532062552e+01 1.222558233503544933e+01
1.120000000000000000e+02 1.280000000000010000e+14 0.000000000000000000e+00 1.000000000000000000e+00 1.680845402631377874e+04 1.716742613394037846e+02 1.200257605948165995e+01
1.130000000000000000e+02 1.280000000000010000e+14 0.000000000000000000e+00 0.000000000000000000e+00 7.292506197740027346e+03 7.367096815046724601e+01 1.262506859572865636e+01
1.140000000000000000e+02 1.280000000000010000e+14 0.000000000000000000e+00 0.000000000000000000e+00 1.025797042733000671e+04 4.401910892712833174e+02 1.245635117775386824e+01
1.150000000000000000e+02 1.280000000000010000e+14 0.000000000000000000e+00 1.000000000000000000e+00 2.170843111704337571e+04 1.671075435324793261e+02 1.221807372391434399e+01
1.160000000000000000e+02 1.280000000000010000e+14 0.000000000000000000e+00 0.000000000000000000e+00 7.699403977001727071e+03 6.800916240289301129e+01 1.231206372751187850e+01
1.170000000000000000e+02 1.280000000000010000e+14 0.000000000000000000e+00 0.000000000000000000e+00 7.655964327870654415e+03 4.963737353256293261e+01 1.239149439276584452e+01
1.180000000000000000e+02 1.280000000000010000e+14 0.000000000000000000e+00 1.000000000000000000e+00 1.127123455822728647e+04 3.694703578959555443e+02 1.192684580375954262e+01
1.190000000000000000e+02 1.280000000000010000e+14 0.000000000000000000e+00 0.000000000000000000e+00 1.053876228668376825e+04 1.611814038512337959e+02 1.245524652831629098e+01
1.200000000000000000e+02 1.280000000000010000e+14 0.000000000000000000e+00 0.000000000000000000e+00 1.361202246720597395e+04 1.094153849688359088e+02 1.266028686884139098e+01
1.210000000000000000e+02 1.280000000000010000e+14 0.000000000000000000e+00 0.000000000000000000e+00 2.041702763263307861e+04 1.562817909675709416e+02 1.234145472634000917e+01
1.220000000000000000e+02 1.280000000000010000e+14 0.000000000000000000e+00 0.000000000000000000e+00 8.792081184128319364e+03 1.213778245453166136e+02 1.223409715037298362e+01
1.230000000000000000e+02 1.280000000000010000e+14 0.000000000000000000e+00 0.000000000000000000e+00 1.117969737228113809e+04 1.253997465769122925e+02 1.230526296072701165e+01
1.240000000000000000e+02 1.280000000000010000e+14 0.000000000000000000e+00 1.000000000000000000e+00 8.301028950179837921e+03 2.388318080036401625e+02 1.196332160794184674e+01
1.250000000000000000e+02 1.280000000000010000e+14 0.000000000000000000e+00 0.000000000000000000e+00 1.211323646735276088e+04 3.775969819564670047e+02 1.235519961110564147e+01
1.260000000000000000e+02 1.280000000000010000e+14 0.000000000000000000e+00 1.000000000000000000e+00 4.092446701811907133e+03 5.131757417373452768e+01 1.244641550260581297e+01
1.270000000000000000e+02 1.280000000000010000e+14 0.000000000000000000e+00 0.000000000000000000e+00 1.526568181733432721e+04 8.962423203056643217e+01 1.261101289620606458e+01
1.280000000000000000e+02 1.280000000000010000e+14 0.000000000000000000e+00 1.000000000000000000e+00 2.192684203449356937e+04 1.104097970231248098e+02 1.227380963495434685e+01
1.290000000000000000e+02 1.280000000000010000e+14 0.000000000000000000e+00 0.000000000000000000e+00 1.609932881922290471e+04 1.847233454502479617e+02 1.308298689123243896e+01
1.300000000000000000e+02 1.280000000000010000e+14 0.000000000000000000e+00 0.000000000000000000e+00 2.345202997560164022e+03 1.034814212098353892e+02 1.249712070287320920e+01
1.310000000000000000e+02 1.280000000000010000e+14 0.000000000000000000e+00 0.000000000000000000e+00 6.863108304874314854e+03 2.394727647554298358e+02 1.231890937230198624e+01
1.320000000000000000e+02 1.280000000000010000e+14 0.000000000000000000e+00 1.000000000000000000e+00 1.749241933757430161e+04 2.208692718495589702e+02 1.219789943443322144e+01
1.330000000000000000e+02 1.280000000000010000e+14 0.000000000000000000e+00 1.000000000000000000e+00 1.317006098742114955e+04 1.285404218302602430e+02 1.205521503609774214e+01
1.340000000000000000e+02 1.280000000000010000e+14 0.000000000000000000e+00 0.000000000000000000e+00 1.357162621842577573e+04 4.706362541465930605e+01 1.248992739860068824e+01
1.350000000000000000e+02 1.280000000000010000e+14 0.000000000000000000e+00 0.000000000000000000e+00 5.816246745190101137e+03 5.996200060597094961e+01 1.259594120683797591e+01
1.360000000000000000e+02 1.280000000000010000e+14 0.000000000000000000e+00 4.000000000000000000e+00 1.455429876856397277e+04 1.919632560890178752e+02 1.189119915592543997e+01
1.370000000000000000e+02 1.280000000000010000e+14 0.000000000000000000e+00 0.000000000000000000e+00 1.262514443704384576e+04 1.798418602885623727e+02 1.225215312410839452e+01
1.380000000000000000e+02 1.280000000000010000e+14 0.000000000000000000e+00 0.000000000000000000e+00 1.634343241671952455e+04 4.268165969366874890e+01 1.259541021419114060e+01
1.390000000000000000e+02 1.280000000000010000e+14 0.000000000000000000e+00 0.000000000000000000e+00 1.327498313814960602e+04 1.542633768748521561e+02 1.229468859910516798e+01
1.400000000000000000e+02 1.280000000000010000e+14 0.000000000000000000e+00 1.000000000000000000e+00 1.756031706507093986e+04 2.015984565681761751e+02 1.204464464888895847e+01
1.410000000000000000e+02 1.280000000000010000e+14 0.000000000000000000e+00 0.000000000000000000e+00 2.150442407152081432e+04 5.515328206574010039e+01 1.240509750072302708e+01
1.420000000000000000e+02 1.280000000000010000e+14 0.000000000000000000e+00 2.000000000000000000e+00 2.025169432817827328e+04 1.413990686963582277e+02 1.218609901210638746e+01
1.430000000000000000e+02 1.280000000000010000e+14 1.000000000000000000e+00 0.000000000000000000e+00 1.493191930922575739e+04 1.264559834665087976e+02 1.221337341944891897e+01
1.440000000000000000e+02 1.280000000000010000e+14 0.000000000000000000e+00 0.000000000000000000e+00 2.226248764156280959e+04 1.345457498294391883e+02 1.214967062353290039e+01
1.450000000000000000e+02 1.280000000000010000e+14 0.000000000000000000e+00 0.000000000000000000e+00 1.676581080554441724e+04 1.610237880230381791e+02 1.243641226725208959e+01
1.460000000000000000e+02 1.280000000000010000e+14 0.000000000000000000e+00 0.000000000000000000e+00 1.076341696272451372e+04 5.547557838707832900e+01 1.262025079944442396e+01
1.470000000000000000e+02 1.280000000000010000e+14 0.000000000000000000e+00 0.000000000000000000e+00 7.461102436572069564e+03 1.277476110844248183e+02 1.236380790731277024e+01
1.480000000000000000e+02 1.280000000000010000e+14 0.000000000000000000e+00 0.000000000000000000e+00 8.744768484954447558e+03 1.058501953142095005e+02 1.230526310165628345e+01
1.490000000000000000e+02 1.280000000000010000e+14 0.000000000000000000e+00 0.000000000000000000e+00 2.042174443962390069e+04 7.804691808340152193e+01 1.251495333941702981e+01
1.500000000000000000e+02 1.280000000000010000e+14 0.000000000000000000e+00 0.000000000000000000e+00 1.750760368255328649e+04 2.959598243611503676e+02 1.216539276969181316e+01
1.510000000000000000e+02 1.280000000000010000e+14 0.000000000000000000e+00 1.000000000000000000e+00 9.097067254254594445e+03 1.235279188765848914e+02 1.224293217597936767e+01
1.520000000000000000e+02 1.280000000000010000e+14 0.000000000000000000e+00 0.000000000000000000e+00 1.069659943037971971e+04 1.012662953269773425e+02 1.271504527120654338e+01
1.530000000000000000e+02 1.280000000000010000e+14 0.000000000000000000e+00 0.000000000000000000e+00 1.387724930895653415e+04 6.646426895851580241e+01 1.267495913818885711e+01
1.540000000000000000e+02 1.280000000000010000e+14 0.000000000000000000e+00 0.000000000000000000e+00 1.800251583289253540e+04 7.568895371880689993e+01 1.262324499355803553e+01
1.550000000000000000e+02 1.280000000000010000e+14 0.000000000000000000e+00 0.000000000000000000e+00 4.543186008518738163e+03 1.176558697325506699e+02 1.279959912766910080e+01
1.560000000000000000e+02 1.280000000000010000e+14 0.000000000000000000e+00 0.000000000000000000e+00 1.792977743749474757e+04 8.563950523107386914e+01 1.242701796315303753e+01
1.570000000000000000e+02 1.280000000000010000e+14 0.000000000000000000e+00 0.000000000000000000e+00 2.099342424417774237e+04 1.053905663507536730e+02 1.213395811910057631e+01
1.580000000000000000e+02 1.280000000000010000e+14 0.000000000000000000e+00 0.000000000000000000e+00 9.959377415977269266e+03 9.177384191464498997e+01 1.267799436467188379e+01
1.590000000000000000e+02 1.280000000000010000e+14 0.000000000000000000e+00 0.000000000000000000e+00 8.200833931445873532e+03 1.128082521867079890e+02 1.267442232711073657e+01
1.600000000000000000e+02 1.280000000000010000e+14 0.000000000000000000e+00 0.000000000000000000e+00 1.587348078949505907e+04 9.063366871694486804e+01 1.272280044541258981e+01
1.610000000000000000e+02 1.280000000000010000e+14 0.000000000000000000e+00 3.000000000000000000e+00 2.189933183947645739e+04 1.420299125667991973e+02 1.193249665871502785e+01
1.620000000000000000e+02 1.280000000000010000e+14 0.000000000000000000e+00 0.000000000000000000e+00 1.673355525599452812e+04 1.770057972402528321e+02 1.238063760838953797e+01
1.630000000000000000e+02 1.280000000000010000e+14 0.000000000000000000e+00 1.000000000000000000e+00 9.598776699056132202e+03 6.977236751353166255e+01 1.215313747357600427e+01
1.640000000000000000e+02 1.280000000000010000e+14 0.000000000000000000e+00 0.000000000000000000e+00 1.601510770459758169e+04 2.184844159318936079e+02 1.236305185864170930e+01
1.650000000000000000e+02 1.280000000000010000e+14 0.000000000000000000e+00 0.000000000000000000e+00 1.394879800563364915e+04 8.882446666885940090e+01 1.250127715828673480e+01
1.660000000000000000e+02 1.280000000000010000e+14 0.000000000000000000e+00 0.000000000000000000e+00 2.202552950315938233e+03 9.196244956526756198e+01 1.224996263539239827e+01
1.670000000000000000e+02 1.280000000000010000e+14 0.000000000000000000e+00 0.000000000000000000e+00 1.642340030327000204e+04 1.023565651668521070e+02 1.260965910818675617e+01
1.680000000000000000e+02 1.280000000000020000e+14 0.000000000000000000e+00 1.000000000000000000e+00 9.859014024075695488e+03 1.692845675046034728e+02 1.206637788034239023e+01
1.690000000000000000e+02 1.280000000000010000e+14 0.000000000000000000e+00 0.000000000000000000e+00 1.229109225700604293e+04 1.419486934766844684e+02 1.218249530040508510e+01
1.700000000000000000e+02 1.280000000000010000e+14 0.000000000000000000e+00 0.000000000000000000e+00 1.440838390017114580e+04 6.760632787726666493e+01 1.228027207994743186e+01
1.710000000000000000e+02 1.280000000000010000e+14 0.000000000000000000e+00 8.000000000000000000e+00 2.417697319036243425e+04 1.669976495215137504e+02 1.162147589143480175e+01
1.720000000000000000e+02 1.280000000000010000e+14 0.000000000000000000e+00 0.000000000000000000e+00 2.100389665580477958e+04 1.050499779871643113e+02 1.239961978168858536e+01
1.730000000000000000e+02 1.280000000000010000e+14 0.000000000000000000e+00 0.000000000000000000e+00 2.035157907299938233e+04 1.026363182407623356e+02 1.220619571421227789e+01
1.740000000000000000e+02 1.280000000000010000e+14 2.000000000000000000e+00 1.100000000000000000e+01 6.400914249667758668e+03 1.995154466831528737e+02 1.186724809649113865e+01
1.750000000000000000e+02 1.280000000000010000e+14 1.000000000000000000e+00 2.000000000000000000e+00 7.143028280528009418e+03 1.353221054687648177e+02 1.218185445998246230e+01
1.760000000000000000e+02 1.280000000000010000e+14 0.000000000000000000e+00 0.000000000000000000e+00 2.126935036359377045e+04 8.720539996959483631e+01 1.231092276153185061e+01
1.770000000000000000e+02 1.280000000000010000e+14 0.000000000000000000e+00 1.000000000000000000e+00 1.230759229735400186e+04 4.035850130320956168e+02 1.215580677017576328e+01
1.780000000000000000e+02 1.280000000000010000e+14 0.000000000000000000e+00 0.000000000000000000e+00 1.576354856494783053e+04 1.229335169728390014e+02 1.257308938712595747e+01
1.790000000000000000e+02 1.280000000000010000e+14 0.000000000000000000e+00 0.000000000000000000e+00 7.324775785149141484e+03 1.822833647753764694e+02 1.267899665879727955e+01
1.800000000000000000e+02 1.280000000000010000e+14 0.000000000000000000e+00 0.000000000000000000e+00 1.294234334046012373e+04 6.263025083705264962e+01 1.255164390299768051e+01
1.810000000000000000e+02 1.280000000000010000e+14 0.000000000000000000e+00 0.000000000000000000e+00 5.225130438842033982e+03 5.955382610423287559e+01 1.242111795747693570e+01
1.820000000000000000e+02 1.280000000000010000e+14 0.000000000000000000e+00 0.000000000000000000e+00 1.103085452539658581e+04 1.076184833208439642e+02 1.255108296343468233e+01
1.830000000000000000e+02 1.280000000000010000e+14 0.000000000000000000e+00 0.000000000000000000e+00 1.762391666187986993e+04 7.662852322075254108e+01 1.232451444673061047e+01
1.840000000000000000e+02 1.280000000000010000e+14 0.000000000000000000e+00 0.000000000000000000e+00 1.259368195415644186e+04 1.040284309482147762e+02 1.209571190624956571e+01
1.850000000000000000e+02 1.280000000000010000e+14 0.000000000000000000e+00 1.000000000000000000e+00 2.223802845356390753e+04 2.967971659903382431e+01 1.228627100017725127e+01
1.860000000000000000e+02 1.280000000000010000e+14 0.000000000000000000e+00 0.000000000000000000e+00 1.266223388221202003e+04 4.522314302738241309e+01 1.232551712067236949e+01
1.870000000000000000e+02 1.280000000000010000e+14 0.000000000000000000e+00 0.000000000000000000e+00 1.638529658012646178e+04 4.185860045412223229e+01 1.236907524726954932e+01
1.880000000000000000e+02 1.280000000000010000e+14 0.000000000000000000e+00 0.000000000000000000e+00 2.689394753518971629e+04 1.032589400219513038e+02 1.272538214358339381e+01
1.890000000000000000e+02 1.280000000000010000e+14 0.000000000000000000e+00 0.000000000000000000e+00 2.438813286383400919e+04 1.250112951029916957e+02 1.247043778725464414e+01
1.900000000000000000e+02 1.280000000000010000e+14 0.000000000000000000e+00 0.000000000000000000e+00 1.894031569232528273e+04 3.170410630011411399e+02 1.200748742531858504e+01
1.910000000000000000e+02 1.280000000000010000e+14 0.000000000000000000e+00 0.000000000000000000e+00 1.376010725143851232e+04 7.730985950581477084e+01 1.236850686409198019e+01
1.920000000000000000e+02 1.280000000000010000e+14 0.000000000000000000e+00 1.000000000000000000e+00 1.342667693756190238e+04 7.474790942829258711e+01 1.213178363668891535e+01
1.930000000000000000e+02 1.280000000000010000e+14 0.000000000000000000e+00 0.000000000000000000e+00 1.989652203578349145e+04 1.025436577584195419e+02 1.219105577066205193e+01
1.940000000000000000e+02 1.280000000000010000e+14 0.000000000000000000e+00 0.000000000000000000e+00 2.994752900674072407e+03 1.388860961305104809e+02 1.249688543325014578e+01
1.950000000000000000e+02 1.280000000000010000e+14 0.000000000000000000e+00 0.000000000000000000e+00 1.867188963570734268e+04 1.137586407014559029e+02 1.232453572058376245e+01
1.960000000000000000e+02 1.280000000000010000e+14 0.000000000000000000e+00 0.000000000000000000e+00 1.208694595412624767e+04 1.057613295097452522e+02 1.235462861193913398e+01
1.970000000000000000e+02 1.280000000000010000e+14 0.000000000000000000e+00 0.000000000000000000e+00 1.893615950305579463e+04 9.358432058039211654e+01 1.241055370460318485e+01
1.980000000000000000e+02 1.280000000000010000e+14 0.000000000000000000e+00 0.000000000000000000e+00 1.184706340044976423e+04 9.682860354439795003e+01 1.240468631466355198e+01
1.990000000000000000e+02 1.280000000000010000e+14 0.000000000000000000e+00 2.000000000000000000e+00 1.685309552723563684e+04 1.234342953275614718e+02 1.202793170207749007e+01
2.000000000000000000e+02 1.280000000000010000e+14 0.000000000000000000e+00 0.000000000000000000e+00 9.057704040044507565e+03 6.196669287570976792e+01 1.212118750830617664e+01
2.010000000000000000e+02 1.280000000000010000e+14 0.000000000000000000e+00 1.000000000000000000e+00 7.778025815774306466e+03 9.751083224441281061e+01 1.216906598135252437e+01
2.020000000000000000e+02 1.280000000000010000e+14 0.000000000000000000e+00 0.000000000000000000e+00 5.488359622086869422e+03 1.497198085167676425e+02 1.245325486795110592e+01
2.030000000000000000e+02 1.280000000000010000e+14 0.000000000000000000e+00 0.000000000000000000e+00 2.215613906686246628e+04 1.088684733290634057e+02 1.225361897590958904e+01
2.040000000000000000e+02 1.280000000000010000e+14 0.000000000000000000e+00 1.000000000000000000e+00 1.224178163751747161e+04 5.993035640571380895e+01 1.200395750187787058e+01
2.050000000000000000e+02 1.280000000000010000e+14 0.000000000000000000e+00 0.000000000000000000e+00 1.170953225667922015e+04 7.031604372355550936e+01 1.227812498831342403e+01
2.060000000000000000e+02 1.280000000000010000e+14 0.000000000000000000e+00 0.000000000000000000e+00 1.216118408532118519e+04 1.034459183756669773e+02 1.267310100111593485e+01
2.070000000000000000e+02 1.280000000000010000e+14 0.000000000000000000e+00 0.000000000000000000e+00 1.103116962758748377e+04 8.430607062811500896e+01 1.248585699446900321e+01
2.080000000000000000e+02 1.280000000000010000e+14 0.000000000000000000e+00 6.000000000000000000e+00 1.980393908148532864e+04 3.311480138948797958e+01 1.183719646006398563e+01
2.090000000000000000e+02 1.280000000000010000e+14 0.000000000000000000e+00 0.000000000000000000e+00 1.399462733554022634e+04 7.529563392568310576e+01 1.242560641566010204e+01
2.100000000000000000e+02 1.280000000000010000e+14 0.000000000000000000e+00 0.000000000000000000e+00 1.391904194249755892e+04 1.673467879496879220e+02 1.211627033277027188e+01
2.110000000000000000e+02 1.280000000000010000e+14 0.000000000000000000e+00 0.000000000000000000e+00 1.851270300916986162e+04 1.496047137516846135e+02 1.232294280329986336e+01
2.120000000000000000e+02 1.280000000000010000e+14 0.000000000000000000e+00 0.000000000000000000e+00 1.582174935433575956e+04 5.306993224434361167e+01 1.229120227542597199e+01
2.130000000000000000e+02 1.280000000000010000e+14 0.000000000000000000e+00 0.000000000000000000e+00 1.794808489555838241e+04 8.972602763920934876e+01 1.236420739007598790e+01
2.140000000000000000e+02 1.280000000000010000e+14 0.000000000000000000e+00 0.000000000000000000e+00 2.512416641398370848e+04 9.705434243769151692e+01 1.251525518839993900e+01
2.150000000000000000e+02 1.280000000000010000e+14 0.000000000000000000e+00 0.000000000000000000e+00 1.602915670157063869e+04 1.029925238543650323e+02 1.262341857831211733e+01
2.160000000000000000e+02 1.280000000000010000e+14 0.000000000000000000e+00 0.000000000000000000e+00 1.643947489189623593e+04 1.374893547449242135e+02 1.246372527409669040e+01
2.170000000000000000e+02 1.280000000000010000e+14 0.000000000000000000e+00 0.000000000000000000e+00 1.372260273155888353e+04 8.992873617259760977e+01 1.262309672082344036e+01
2.180000000000000000e+02 1.280000000000010000e+14 0.000000000000000000e+00 0.000000000000000000e+00 1.252386466238510366e+04 7.177613095312669600e+01 1.223866870823209929e+01
2.190000000000000000e+02 1.280000000000010000e+14 0.000000000000000000e+00 0.000000000000000000e+00 6.935253503303457364e+03 9.074134846366860074e+01 1.229633582212832899e+01
2.200000000000000000e+02 1.280000000000010000e+14 0.000000000000000000e+00 1.000000000000000000e+00 9.110055197513971507e+03 8.592544772145727450e+01 1.198057698302870477e+01
2.210000000000000000e+02 1.280000000000010000e+14 0.000000000000000000e+00 0.000000000000000000e+00 1.073982806304646874e+04 6.724055018821366048e+01 1.233940662805333943e+01
2.220000000000000000e+02 1.280000000000010000e+14 0.000000000000000000e+00 0.000000000000000000e+00 5.246005385686110458e+03 9.114445314958682332e+01 1.248819362845845227e+01
2.230000000000000000e+02 1.280000000000010000e+14 0.000000000000000000e+00 0.000000000000000000e+00 2.005591031528961321e+04 3.035619466240068220e+01 1.242851305932424921e+01
2.240000000000000000e+02 1.280000000000010000e+14 0.000000000000000000e+00 1.000000000000000000e+00 1.347638667713768336e+04 1.239093651725798111e+02 1.225046156542101272e+01
2.250000000000000000e+02 1.280000000000010000e+14 0.000000000000000000e+00 0.000000000000000000e+00 1.709200406661459056e+04 2.239342552976550280e+02 1.232528347177430206e+01
2.260000000000000000e+02 1.280000000000010000e+14 0.000000000000000000e+00 0.000000000000000000e+00 1.221621242489596443e+04 5.968382074751768585e+01 1.253789097597604574e+01
2.270000000000000000e+02 1.280000000000010000e+14 0.000000000000000000e+00 0.000000000000000000e+00 1.584325774131013895e+04 1.033126167135777393e+02 1.226361137612569330e+01
2.280000000000000000e+02 1.280000000000010000e+14 0.000000000000000000e+00 0.000000000000000000e+00 6.969632343176726863e+03 1.049678577887653717e+02 1.182580782972814148e+01
2.290000000000000000e+02 1.280000000000010000e+14 0.000000000000000000e+00 0.000000000000000000e+00 1.364705687409182428e+04 1.325425891857742613e+02 1.210952052397454537e+01
2.300000000000000000e+02 1.280000000000010000e+14 0.000000000000000000e+00 0.000000000000000000e+00 2.118507838337044450e+04 2.607503903275590460e+02 1.206670225956510478e+01
2.310000000000000000e+02 1.280000000000010000e+14 0.000000000000000000e+00 0.000000000000000000e+00 1.160696091110317866e+04 1.208475173535245517e+02 1.228538967736290743e+01
2.320000000000000000e+02 1.280000000000010000e+14 0.000000000000000000e+00 0.000000000000000000e+00 1.042302494750516416e+04 9.037514502081083378e+01 1.224518509068626848e+01
2.330000000000000000e+02 1.280000000000010000e+14 0.000000000000000000e+00 0.000000000000000000e+00 1.119572431305383725e+04 4.715972550282986475e+01 1.268941548502738925e+01
2.340000000000000000e+02 1.280000000000010000e+14 0.000000000000000000e+00 0.000000000000000000e+00 1.481484269946514178e+04 7.368289423288609896e+01 1.275045752226651885e+01
2.350000000000000000e+02 1.280000000000010000e+14 0.000000000000000000e+00 1.000000000000000000e+00 4.595264659577544990e+03 2.148411439962738143e+02 1.200230557334900894e+01
2.360000000000000000e+02 1.280000000000010000e+14 0.000000000000000000e+00 3.000000000000000000e+00 1.009932161754303343e+04 1.805162045745005628e+02 1.167384858659708335e+01
2.370000000000000000e+02 1.280000000000010000e+14 0.000000000000000000e+00 0.000000000000000000e+00 7.827557060579330027e+03 1.637600442068525695e+02 1.216571595038050013e+01
2.380000000000000000e+02 1.280000000000010000e+14 0.000000000000000000e+00 0.000000000000000000e+00 1.611926167276015440e+04 6.456501947083148707e+01 1.273713319032482971e+01
2.390000000000000000e+02 1.280000000000010000e+14 0.000000000000000000e+00 0.000000000000000000e+00 9.329607495560294410e+03 5.448581947828925109e+01 1.229723485498877800e+01
2.400000000000000000e+02 1.280000000000010000e+14 0.000000000000000000e+00 0.000000000000000000e+00 1.891177493944234448e+04 8.616580360732430677e+01 1.225047080656834630e+01
2.410000000000000000e+02 1.280000000000010000e+14 0.000000000000000000e+00 0.000000000000000000e+00 7.108371927515028801e+03 9.912427509366052902e+01 1.266745965430134824e+01
2.420000000000000000e+02 1.280000000000010000e+14 0.000000000000000000e+00 0.000000000000000000e+00 2.012466894145445258e+04 9.671898022948356299e+01 1.232129301007739919e+01
2.430000000000000000e+02 1.280000000000010000e+14 0.000000000000000000e+00 0.000000000000000000e+00 8.947028230755122422e+03 8.808273102223610351e+01 1.218125880043723264e+01
2.440000000000000000e+02 1.280000000000010000e+14 0.000000000000000000e+00 1.000000000000000000e+00 1.200466482555888979e+04 4.547754042050687673e+01 1.198602385104149270e+01
2.450000000000000000e+02 1.280000000000020000e+14 1.000000000000000000e+00 0.000000000000000000e+00 1.404560491231589185e+04 1.709583938756737496e+02 1.254392455858029010e+01
2.460000000000000000e+02 1.280000000000010000e+14 0.000000000000000000e+00 0.000000000000000000e+00 1.564741515817258733e+04 1.265258799996315418e+02 1.235116961905680277e+01
2.470000000000000000e+02 1.280000000000010000e+14 0.000000000000000000e+00 0.000000000000000000e+00 8.953124541993202001e+03 3.060240952743858998e+02 1.256984666159134534e+01
2.480000000000000000e+02 1.280000000000010000e+14 0.000000000000000000e+00 0.000000000000000000e+00 9.792375651807456961e+03 9.017036573366378605e+01 1.237960764611624676e+01
2.490000000000000000e+02 1.280000000000010000e+14 0.000000000000000000e+00 0.000000000000000000e+00 1.418744889300675459e+04 3.169510106212252154e+01 1.262852722952098183e+01
2.500000000000000000e+02 1.280000000000010000e+14 0.000000000000000000e+00 0.000000000000000000e+00 1.380205679425788003e+04 2.584459898294571758e+02 1.228777812670722547e+01
2.510000000000000000e+02 1.280000000000010000e+14 0.000000000000000000e+00 0.000000000000000000e+00 1.249980095072946642e+04 1.170822291823345438e+02 1.245075590752080252e+01
2.520000000000000000e+02 1.280000000000010000e+14 0.000000000000000000e+00 0.000000000000000000e+00 1.170537760116147183e+04 1.150551345584540570e+02 1.221702240971670506e+01
2.530000000000000000e+02 1.280000000000010000e+14 0.000000000000000000e+00 0.000000000000000000e+00 1.068302941670898690e+04 3.116728871622806878e+02 1.238218771395842488e+01
2.540000000000000000e+02 1.280000000000010000e+14 0.000000000000000000e+00 0.000000000000000000e+00 1.243026095207884464e+04 1.032042913246629467e+02 1.236040163030462580e+01
2.550000000000000000e+02 1.280000000000010000e+14 0.000000000000000000e+00 0.000000000000000000e+00 1.092572852035504729e+04 1.286241837684167706e+02 1.236364516283189730e+01
2.560000000000000000e+02 1.280000000000010000e+14 0.000000000000000000e+00 0.000000000000000000e+00 5.686874403243466986e+03 7.604266113412074901e+01 1.266453394561886725e+01
2.570000000000000000e+02 1.280000000000010000e+14 0.000000000000000000e+00 0.000000000000000000e+00 1.325648531189051391e+04 1.018749584410614659e+02 1.223531259253191372e+01
2.580000000000000000e+02 1.280000000000010000e+14 0.000000000000000000e+00 0.000000000000000000e+00 1.853987048851122381e+04 1.003397430464427202e+02 1.217615596538218625e+01
2.590000000000000000e+02 1.280000000000010000e+14 0.000000000000000000e+00 0.000000000000000000e+00 8.518132280261499545e+03 6.240414471445895117e+01 1.241611571180896867e+01
2.600000000000000000e+02 1.280000000000010000e+14 0.000000000000000000e+00 0.000000000000000000e+00 1.718345505693660380e+04 8.515816740900471871e+01 1.255117609302515014e+01
2.610000000000000000e+02 1.280000000000010000e+14 0.000000000000000000e+00 0.000000000000000000e+00 1.670568173932707214e+04 1.826436058651123915e+02 1.227647584925578705e+01
2.620000000000000000e+02 1.280000000000010000e+14 0.000000000000000000e+00 4.000000000000000000e+00 1.710916622345026553e+04 6.870782936972005928e+01 1.168382889943533876e+01
2.630000000000000000e+02 1.280000000000010000e+14 0.000000000000000000e+00 0.000000000000000000e+00 1.425194152775599105e+04 1.399589232854440297e+02 1.215633292353714445e+01
2.640000000000000000e+02 1.280000000000010000e+14 0.000000000000000000e+00 1.000000000000000000e+00 1.010829607534290881e+04 5.729163800793848793e+01 1.201389161209917766e+01
2.650000000000000000e+02 1.280000000000010000e+14 0.000000000000000000e+00 1.000000000000000000e+00 1.176871508246651138e+04 1.165990860298065144e+02 1.207913084476563270e+01
2.660000000000000000e+02 1.280000000000010000e+14 0.000000000000000000e+00 0.000000000000000000e+00 1.539675677064970296e+04 9.161455723285276065e+01 1.217647336122645285e+01
2.670000000000000000e+02 1.280000000000010000e+14 0.000000000000000000e+00 0.000000000000000000e+00 3.275281519467007911e+03 2.046700611900909905e+02 1.255523969319556876e+01
2.680000000000000000e+02 1.280000000000010000e+14 0.000000000000000000e+00 0.000000000000000000e+00 4.459753459647881755e+03 2.737021829946341711e+01 1.218805593422127131e+01
2.690000000000000000e+02 1.280000000000010000e+14 0.000000000000000000e+00 0.000000000000000000e+00 8.334691924659182405e+03 1.703404006440015337e+02 1.242194521587324907e+01
2.700000000000000000e+02 1.280000000000010000e+14 0.000000000000000000e+00 1.000000000000000000e+00 1.796664288554236191e+04 4.408854695654643763e+01 1.198127753197307399e+01
2.710000000000000000e+02 1.280000000000010000e+14 0.000000000000000000e+00 0.000000000000000000e+00 1.972046435674245004e+04 8.054121280679105155e+01 1.228611558692961481e+01
2.720000000000000000e+02 1.280000000000020000e+14 0.000000000000000000e+00 1.000000000000000000e+00 1.177051376665309363e+04 2.914965443069276603e+02 1.192157998186766221e+01
2.730000000000000000e+02 1.280000000000010000e+14 0.000000000000000000e+00 4.000000000000000000e+00 1.080152864108763606e+04 2.541782082380547365e+02 1.177486083651828430e+01
2.740000000000000000e+02 1.280000000000010000e+14 0.000000000000000000e+00 0.000000000000000000e+00 2.262596357587305829e+04 4.228003012724077081e+01 1.276389843723212536e+01
2.750000000000000000e+02 1.280000000000010000e+14 0.000000000000000000e+00 1.000000000000000000e+00 1.300055291771224256e+04 7.695623735726633186e+01 1.213592991492870077e+01
2.760000000000000000e+02 1.280000000000010000e+14 0.000000000000000000e+00 0.000000000000000000e+00 1.067900964578005551e+04 1.042077680649174596e+02 1.227384205787763349e+01
2.770000000000000000e+02 1.280000000000010000e+14 0.000000000000000000e+00 4.000000000000000000e+00 1.645853306164249443e+04 2.863208751168475601e+02 1.175618943243502201e+01
2.780000000000000000e+02 1.280000000000010000e+14 0.000000000000000000e+00 3.000000000000000000e+00 1.832606364528392078e+04 6.354711405039400063e+01 1.201702486563634587e+01
2.790000000000000000e+02 1.280000000000010000e+14 0.000000000000000000e+00 1.000000000000000000e+00 2.789594186464015365e+03 8.711486419634790934e+01 1.192527438658234473e+01
2.800000000000000000e+02 1.280000000000010000e+14 0.000000000000000000e+00 0.000000000000000000e+00 1.628590194785272615e+04 8.592991597151255689e+01 1.209374629513847488e+01
2.810000000000000000e+02 1.280000000000010000e+14 0.000000000000000000e+00 2.000000000000000000e+00 1.904009159292412369e+04 9.344857346741605397e+01 1.198199771975667716e+01
2.820000000000000000e+02 1.280000000000010000e+14 0.000000000000000000e+00 0.000000000000000000e+00 9.186296542526637495e+03 9.929949594412298097e+01 1.235489826577007832e+01
2.830000000000000000e+02 1.280000000000010000e+14 0.000000000000000000e+00 0.000000000000000000e+00 1.178078819002446653e+04 1.373800578706905071e+02 1.225526275975006563e+01
2.840000000000000000e+02 1.280000000000010000e+14 1.000000000000000000e+00 3.000000000000000000e+00 1.129950293310721099e+04 3.928048035968342333e+02 1.188557007587206549e+01
2.850000000000000000e+02 1.280000000000010000e+14 0.000000000000000000e+00 0.000000000000000000e+00 2.020347754995265859e+04 1.190649635623086340e+02 1.234861668852824934e+01
2.860000000000000000e+02 1.280000000000010000e+14 0.000000000000000000e+00 0.000000000000000000e+00 1.542961004778879214e+04 2.002304903452782980e+02 1.239148843034629799e+01
2.870000000000000000e+02 1.280000000000010000e+14 0.000000000000000000e+00 2.000000000000000000e+00 1.113956338934452288e+04 1.669274057372233244e+02 1.210369308389951648e+01
2.880000000000000000e+02 1.280000000000010000e+14 0.000000000000000000e+00 0.000000000000000000e+00 1.617316847739134209e+04 2.217658347873166633e+02 1.216631486259502815e+01
2.890000000000000000e+02 1.280000000000010000e+14 1.000000000000000000e+00 4.000000000000000000e+00 9.079955127628360060e+03 2.364142354480998733e+02 1.170498906544374229e+01
2.900000000000000000e+02 1.280000000000010000e+14 0.000000000000000000e+00 0.000000000000000000e+00 1.335872063912294288e+04 3.116117520081362358e+01 1.237048294183736807e+01
2.910000000000000000e+02 1.280000000000010000e+14 0.000000000000000000e+00 1.000000000000000000e+00 1.142159211059972768e+04 1.500382181581691441e+02 1.207294072720153189e+01
2.920000000000000000e+02 1.280000000000010000e+14 0.000000000000000000e+00 0.000000000000000000e+00 4.398105548206379353e+03 2.836728795098835576e+02 1.212520800074968896e+01
2.930000000000000000e+02 1.280000000000010000e+14 0.000000000000000000e+00 0.000000000000000000e+00 1.237097026119913244e+04 8.945280126938884280e+01 1.248145481285838265e+01
2.940000000000000000e+02 1.280000000000010000e+14 0.000000000000000000e+00 1.000000000000000000e+00 1.666218350987110898e+04 1.282204828143421764e+02 1.201779016004113920e+01
2.950000000000000000e+02 1.280000000000010000e+14 0.000000000000000000e+00 0.000000000000000000e+00 2.158233573010437613e+04 1.089601874702215980e+02 1.275607197887350353e+01
2.960000000000000000e+02 1.280000000000010000e+14 0.000000000000000000e+00 0.000000000000000000e+00 6.266441180242263727e+03 1.340669083392909329e+02 1.207299871165455585e+01
2.970000000000000000e+02 1.280000000000010000e+14 0.000000000000000000e+00 0.000000000000000000e+00 1.787694122281030650e+04 1.191729655533499539e+02 1.230005935459663391e+01
2.980000000000000000e+02 1.280000000000010000e+14 0.000000000000000000e+00 1.000000000000000000e+00 1.965445608344404172e+04 8.524232877099873917e+01 1.233998752179901537e+01
2.990000000000000000e+02 1.280000000000010000e+14 0.000000000000000000e+00 0.000000000000000000e+00 1.609108695538454231e+04 1.172521887973477703e+02 1.264794041821632575e+01
3.000000000000000000e+02 1.280000000000010000e+14 2.000000000000000000e+00 3.000000000000000000e+00 1.268000787276148003e+04 1.205356343745486214e+02 1.201663428885152562e+01
3.010000000000000000e+02 1.280000000000010000e+14 0.000000000000000000e+00 0.000000000000000000e+00 1.158082865457112894e+04 9.219510911363035177e+01 1.235755200197422532e+01
3.020000000000000000e+02 1.280000000000010000e+14 0.000000000000000000e+00 0.000000000000000000e+00 8.906264165127380693e+03 7.141601375815197628e+01 1.223851977558976678e+01
3.030000000000000000e+02 1.280000000000010000e+14 0.000000000000000000e+00 2.000000000000000000e+00 1.493752216911919459e+04 6.304106608751438046e+01 1.186928625911079571e+01
3.040000000000000000e+02 1.280000000000010000e+14 0.000000000000000000e+00 0.000000000000000000e+00 2.236689504841030066e+04 7.485410700833048736e+01 1.201903322352178449e+01
3.050000000000000000e+02 1.280000000000010000e+14 0.000000000000000000e+00 0.000000000000000000e+00 1.480122141096389532e+04 2.593816534998993575e+02 1.235381647683875883e+01
3.060000000000000000e+02 1.280000000000010000e+14 0.000000000000000000e+00 0.000000000000000000e+00 1.317485348257061924e+04 1.169620281828055823e+02 1.236951960765880187e+01
3.070000000000000000e+02 1.280000000000010000e+14 0.000000000000000000e+00 0.000000000000000000e+00 2.771467173446721063e+04 1.508331667340441129e+02 1.223430662031248772e+01
3.080000000000000000e+02 1.280000000000010000e+14 0.000000000000000000e+00 0.000000000000000000e+00 1.372076408225335763e+04 1.016380504469444048e+02 1.201361227942824961e+01
3.090000000000000000e+02 1.280000000000010000e+14 1.000000000000000000e+00 2.000000000000000000e+00 2.805196539069282608e+03 1.792579669769995121e+01 1.207423566388994374e+01
3.100000000000000000e+02 1.280000000000010000e+14 0.000000000000000000e+00 0.000000000000000000e+00 1.301810479094844959e+04 2.948716301469532652e+01 1.253561763162996101e+01
3.110000000000000000e+02 1.280000000000010000e+14 0.000000000000000000e+00 0.000000000000000000e+00 1.259914143229392539e+04 1.161746644267931856e+02 1.225460259093624416e+01
3.120000000000000000e+02 1.280000000000010000e+14 0.000000000000000000e+00 0.000000000000000000e+00 2.254171736361124204e+04 1.167012829736634103e+02 1.224894967193114503e+01
3.130000000000000000e+02 1.280000000000010000e+14 0.000000000000000000e+00 0.000000000000000000e+00 1.043331922246334943e+04 1.130012990618247812e+02 1.238997804401234504e+01
3.140000000000000000e+02 1.280000000000010000e+14 0.000000000000000000e+00 0.000000000000000000e+00 2.096776358073641677e+04 7.085389542090372572e+01 1.251274130595423628e+01
3.150000000000000000e+02 1.280000000000010000e+14 0.000000000000000000e+00 0.000000000000000000e+00 1.970771345203855890e+04 1.321248327597653258e+02 1.223219115247193578e+01
3.160000000000000000e+02 1.280000000000010000e+14 0.000000000000000000e+00 0.000000000000000000e+00 1.021312657482680697e+04 9.199088233149078064e+01 1.224308175002462029e+01
3.170000000000000000e+02 1.280000000000010000e+14 0.000000000000000000e+00 0.000000000000000000e+00 1.819127725771692712e+04 1.867834675585116884e+02 1.206632105729994819e+01
3.180000000000000000e+02 1.280000000000010000e+14 0.000000000000000000e+00 2.000000000000000000e+00 7.283910496880792380e+03 8.990706929425367377e+01 1.199209844903422884e+01
3.190000000000000000e+02 1.280000000000010000e+14 0.000000000000000000e+00 1.000000000000000000e+00 1.110460600491099467e+04 1.834989590393212495e+02 1.249287109285544517e+01
3.200000000000000000e+02 1.280000000000010000e+14 0.000000000000000000e+00 0.000000000000000000e+00 1.334146304453646553e+04 5.401603249251653693e+01 1.262599167495257291e+01
3.210000000000000000e+02 1.280000000000010000e+14 0.000000000000000000e+00 0.000000000000000000e+00 6.584664018600376039e+03 1.251110705853604514e+02 1.227177476082033358e+01
3.220000000000000000e+02 1.280000000000010000e+14 0.000000000000000000e+00 0.000000000000000000e+00 1.459626429819454825e+04 8.779948405359652952e+01 1.247265229191406100e+01
3.230000000000000000e+02 1.280000000000010000e+14 0.000000000000000000e+00 0.000000000000000000e+00 1.827268089905831584e+04 1.366226628838219881e+02 1.233594858406511641e+01
3.240000000000000000e+02 1.280000000000010000e+14 0.000000000000000000e+00 0.000000000000000000e+00 8.130815163251693775e+03 6.148345336274563522e+01 1.229642414082080037e+01
