# # region ID, AHF ID, Caesar Hid, Gid, dist hpos, gpos, select Mgal
1.000000000000000000e+00 1.280000000000010000e+14 0.000000000000000000e+00 1.000000000000000000e+00 7.151984405861148808e+00 7.151984405861148808e+00 1.217970026732483646e+01
2.000000000000000000e+00 1.280000000000010000e+14 0.000000000000000000e+00 0.000000000000000000e+00 6.186243558780932794e+00 6.186243558780932794e+00 1.211409842499452338e+01
3.000000000000000000e+00 1.280000000000010000e+14 0.000000000000000000e+00 2.000000000000000000e+00 1.737756222770003633e+00 1.737756222770003633e+00 1.209445700496257281e+01
4.000000000000000000e+00 1.280000000000010000e+14 0.000000000000000000e+00 0.000000000000000000e+00 1.060505397010537587e+00 1.060505397010537587e+00 1.220809437119627816e+01
5.000000000000000000e+00 1.280000000000010000e+14 0.000000000000000000e+00 1.000000000000000000e+00 1.266745659711098142e+03 2.570670618862946011e+00 1.219436444293418731e+01
6.000000000000000000e+00 1.280000000000010000e+14 0.000000000000000000e+00 1.000000000000000000e+00 2.468036385036177283e+00 2.468036385036177283e+00 1.204918575403664249e+01
7.000000000000000000e+00 1.280000000000010000e+14 0.000000000000000000e+00 0.000000000000000000e+00 2.611853690450570031e+00 2.170565720954272582e+00 1.232269395589720240e+01
8.000000000000000000e+00 1.280000000000010000e+14 0.000000000000000000e+00 1.000000000000000000e+00 1.776741911817013715e+03 3.308884992496951671e+00 1.192964760884491149e+01
9.000000000000000000e+00 1.280000000000010000e+14 0.000000000000000000e+00 0.000000000000000000e+00 7.532138500694427474e-01 7.532138500694427474e-01 1.248396370331877492e+01
1.000000000000000000e+01 1.280000000000010000e+14 0.000000000000000000e+00 1.000000000000000000e+00 5.528406370059763653e+00 5.528406370059763653e+00 1.210302495687580837e+01
1.100000000000000000e+01 1.280000000000010000e+14 0.000000000000000000e+00 1.000000000000000000e+00 4.878490029575718978e+00 4.878490029575718978e+00 1.194433350039686381e+01
1.200000000000000000e+01 1.280000000000010000e+14 0.000000000000000000e+00 0.000000000000000000e+00 3.799555792909733896e+02 5.148663555118099033e+00 1.207418772940900453e+01
1.300000000000000000e+01 1.280000000000010000e+14 0.000000000000000000e+00 0.000000000000000000e+00 1.597028512546837087e+00 2.890313644989130015e+00 1.221474557279039885e+01
1.400000000000000000e+01 1.280000000000010000e+14 0.000000000000000000e+00 0.000000000000000000e+00 2.884782513865686848e+00 2.884782513865686848e+00 1.196463207977239840e+01
1.500000000000000000e+01 1.280000000000010000e+14 0.000000000000000000e+00 0.000000000000000000e+00 6.185706326107172970e+01 6.470256705933664421e+01 1.241525709110446662e+01
1.600000000000000000e+01 1.280000000000010000e+14 0.000000000000000000e+00 4.000000000000000000e+00 1.655827476468915593e+00 1.655827476468915593e+00 1.202376106464000927e+01
1.700000000000000000e+01 1.280000000000010000e+14 0.000000000000000000e+00 0.000000000000000000e+00 1.975475004005905033e+00 1.975475004005905033e+00 1.203427755902953677e+01
1.800000000000000000e+01 1.280000000000010000e+14 0.000000000000000000e+00 1.000000000000000000e+00 7.360233994098343002e-01 7.360233994098343002e-01 1.229069427097516964e+01
1.900000000000000000e+01 1.280000000000010000e+14 0.000000000000000000e+00 0.000000000000000000e+00 4.095647871849901378e+01 4.095647871849901378e+01 1.218712275256520350e+01
2.000000000000000000e+01 1.280000000000020000e+14 1.000000000000000000e+00 0.000000000000000000e+00 1.439493587217665516e+00 1.439493587217665516e+00 1.228462868102238126e+01
2.100000000000000000e+01 1.280000000000010000e+14 0.000000000000000000e+00 0.000000000000000000e+00 2.180125618804779897e-01 2.180125618804779897e-01 1.234062929818206023e+01
2.200000000000000000e+01 1.280000000000010000e+14 0.000000000000000000e+00 0.000000000000000000e+00 9.080867545614760283e-01 9.080867545614760283e-01 1.220666967170342865e+01
2.300000000000000000e+01 1.280000000000010000e+14 0.000000000000000000e+00 1.000000000000000000e+00 9.556611124128873147e-01 9.556611124128873147e-01 1.205260950966513178e+01
2.400000000000000000e+01 1.280000000000010000e+14 0.000000000000000000e+00 0.000000000000000000e+00 7.619614031411047428e+00 7.619614031411047428e+00 1.249552613457730210e+01
2.500000000000000000e+01 1.280000000000010000e+14 0.000000000000000000e+00 0.000000000000000000e+00 1.823291804593113685e+00 1.823291804593113685e+00 1.229538674508921403e+01
2.600000000000000000e+01 1.280000000000010000e+14 0.000000000000000000e+00 0.000000000000000000e+00 3.788757671291299367e+00 3.788757671291299367e+00 1.239008674899296913e+01
2.700000000000000000e+01 1.280000000000010000e+14 0.000000000000000000e+00 0.000000000000000000e+00 1.509499781337452440e+00 1.509499781337452440e+00 1.222767755991231731e+01
2.800000000000000000e+01 1.280000000000010000e+14 0.000000000000000000e+00 0.000000000000000000e+00 1.972828720632476163e+00 2.411341126213915942e+00 1.220154934906963362e+01
2.900000000000000000e+01 1.280000000000010000e+14 0.000000000000000000e+00 0.000000000000000000e+00 4.479187330006216827e-01 4.479187330006216827e-01 1.242193508954635917e+01
3.000000000000000000e+01 1.280000000000010000e+14 0.000000000000000000e+00 0.000000000000000000e+00 4.087650785525114294e-01 1.331942177537578154e+00 1.239194835925309768e+01
3.100000000000000000e+01 1.280000000000010000e+14 0.000000000000000000e+00 0.000000000000000000e+00 8.646488193832079006e+00 8.646488193832079006e+00 1.199741984653785210e+01
3.200000000000000000e+01 1.280000000000010000e+14 0.000000000000000000e+00 0.000000000000000000e+00 6.176409299918572771e+01 6.176409299918572771e+01 1.211984634498999647e+01
3.300000000000000000e+01 1.280000000000010000e+14 0.000000000000000000e+00 0.000000000000000000e+00 2.692456274323186349e+00 2.692456274323186349e+00 1.212954469404270696e+01
3.400000000000000000e+01 1.280000000000010000e+14 0.000000000000000000e+00 0.000000000000000000e+00 1.858698316541425921e+00 1.858698316541425921e+00 1.209516344450663894e+01
3.500000000000000000e+01 1.280000000000010000e+14 0.000000000000000000e+00 0.000000000000000000e+00 1.675946382593278106e+00 1.675946382593278106e+00 1.229465654049825041e+01
3.600000000000000000e+01 1.280000000000010000e+14 0.000000000000000000e+00 0.000000000000000000e+00 2.272154298780491910e+00 2.272154298780491910e+00 1.211473396605982344e+01
3.700000000000000000e+01 1.280000000000010000e+14 0.000000000000000000e+00 0.000000000000000000e+00 2.884978915629528906e+00 1.892897977738001947e+00 1.207317218570079120e+01
3.800000000000000000e+01 1.280000000000010000e+14 0.000000000000000000e+00 0.000000000000000000e+00 3.072516876037042710e+00 3.072516876037042710e+00 1.207575358443653712e+01
3.900000000000000000e+01 1.280000000000010000e+14 0.000000000000000000e+00 0.000000000000000000e+00 8.501212142810629757e+01 8.501212142810629757e+01 1.246442723412817344e+01
4.000000000000000000e+01 1.280000000000010000e+14 0.000000000000000000e+00 0.000000000000000000e+00 1.877013838818397318e+01 1.877013838818397318e+01 1.223291415734010634e+01
4.100000000000000000e+01 1.280000000000010000e+14 0.000000000000000000e+00 0.000000000000000000e+00 2.063921520608794857e+00 2.063921520608794857e+00 1.240265204939522370e+01
4.200000000000000000e+01 1.280000000000010000e+14 0.000000000000000000e+00 0.000000000000000000e+00 6.083841571763694844e+01 6.083841571763694844e+01 1.206153170570365241e+01
4.300000000000000000e+01 1.280000000000010000e+14 0.000000000000000000e+00 0.000000000000000000e+00 3.119028591709478437e+00 1.583193459142420600e+00 1.210924719355183932e+01
4.400000000000000000e+01 1.280000000000010000e+14 0.000000000000000000e+00 0.000000000000000000e+00 2.555856380698082297e+00 2.555856380698082297e+00 1.211784047228330330e+01
4.500000000000000000e+01 1.280000000000010000e+14 0.000000000000000000e+00 0.000000000000000000e+00 1.399804496938995335e+00 1.399804496938995335e+00 1.212909229484722573e+01
4.600000000000000000e+01 1.280000000000010000e+14 0.000000000000000000e+00 0.000000000000000000e+00 7.033734975953396251e-01 7.033734975953396251e-01 1.240150510952349983e+01
4.700000000000000000e+01 1.280000000000020000e+14 0.000000000000000000e+00 1.000000000000000000e+00 2.340416075792996153e+00 2.340416075792996153e+00 1.209912691787240568e+01
4.800000000000000000e+01 1.280000000000010000e+14 0.000000000000000000e+00 0.000000000000000000e+00 1.222592424736352079e+01 1.222592424736352079e+01 1.225742787715896753e+01
4.900000000000000000e+01 1.280000000000010000e+14 0.000000000000000000e+00 0.000000000000000000e+00 2.576746851485705592e-01 8.273812617424060045e-01 1.216695077791556834e+01
5.000000000000000000e+01 1.280000000000010000e+14 0.000000000000000000e+00 0.000000000000000000e+00 5.817223888844687885e+00 5.817223888844687885e+00 1.229829477484377165e+01
5.100000000000000000e+01 1.280000000000010000e+14 0.000000000000000000e+00 1.000000000000000000e+00 1.707359873232264236e-01 9.421886218621973175e-01 1.185088873830789247e+01
5.200000000000000000e+01 1.280000000000010000e+14 0.000000000000000000e+00 0.000000000000000000e+00 2.635523525335206951e+00 2.635523525335206951e+00 1.232980491870543815e+01
5.300000000000000000e+01 1.280000000000010000e+14 0.000000000000000000e+00 0.000000000000000000e+00 2.674471337537842164e+00 4.022274590920487114e+00 1.221715383378236019e+01
5.400000000000000000e+01 1.280000000000010000e+14 0.000000000000000000e+00 0.000000000000000000e+00 1.114843577885941350e+00 1.114843577885941350e+00 1.218227997125473117e+01
5.500000000000000000e+01 1.280000000000010000e+14 0.000000000000000000e+00 0.000000000000000000e+00 9.445024716094556183e+00 8.376849248692300520e+00 1.202533375151616646e+01
5.600000000000000000e+01 1.280000000000010000e+14 0.000000000000000000e+00 0.000000000000000000e+00 8.743166204685115517e-01 8.743166204685115517e-01 1.203254013732492922e+01
5.700000000000000000e+01 1.280000000000010000e+14 0.000000000000000000e+00 0.000000000000000000e+00 3.701402516007504584e+00 3.701402516007504584e+00 1.204293764232641095e+01
5.800000000000000000e+01 1.280000000000010000e+14 0.000000000000000000e+00 0.000000000000000000e+00 7.047126361735723776e+01 7.047126361735723776e+01 1.231054066791780244e+01
5.900000000000000000e+01 1.280000000000010000e+14 0.000000000000000000e+00 0.000000000000000000e+00 1.938482986278293740e+00 2.897265562853089449e+00 1.211395758782437326e+01
6.000000000000000000e+01 1.280000000000010000e+14 0.000000000000000000e+00 0.000000000000000000e+00 3.413606079794330395e+00 3.529971379632927064e+00 1.209957273845065373e+01
6.100000000000000000e+01 1.280000000000010000e+14 0.000000000000000000e+00 0.000000000000000000e+00 9.750304399584055481e-01 9.750304399584055481e-01 1.207876875851129839e+01
6.200000000000000000e+01 1.280000000000010000e+14 0.000000000000000000e+00 3.000000000000000000e+00 5.244267555335043198e+02 3.049863538446621281e+00 1.174416476094093120e+01
6.300000000000000000e+01 1.280000000000010000e+14 0.000000000000000000e+00 0.000000000000000000e+00 1.461499490433711079e+00 1.461499490433711079e+00 1.209782883117751595e+01
6.400000000000000000e+01 1.280000000000010000e+14 0.000000000000000000e+00 0.000000000000000000e+00 4.313622066609304362e+00 4.313622066609304362e+00 1.236732295627952816e+01
6.500000000000000000e+01 1.280000000000010000e+14 0.000000000000000000e+00 0.000000000000000000e+00 3.956605654888855739e+00 3.956605654888855739e+00 1.223657377270926716e+01
6.600000000000000000e+01 1.280000000000010000e+14 0.000000000000000000e+00 0.000000000000000000e+00 5.461970376309351893e-01 5.461970376309351893e-01 1.210675772334221278e+01
6.700000000000000000e+01 1.280000000000010000e+14 0.000000000000000000e+00 0.000000000000000000e+00 1.474682657989291767e+00 1.474682657989291767e+00 1.235132894303081841e+01
6.800000000000000000e+01 1.280000000000010000e+14 0.000000000000000000e+00 0.000000000000000000e+00 7.997975350849518827e-01 7.997975350849518827e-01 1.235897078465841226e+01
6.900000000000000000e+01 1.280000000000010000e+14 0.000000000000000000e+00 0.000000000000000000e+00 9.334779151305819811e-01 9.334779151305819811e-01 1.226961708314675903e+01
7.000000000000000000e+01 1.280000000000010000e+14 0.000000000000000000e+00 0.000000000000000000e+00 1.481884300715487823e+00 1.481884300715487823e+00 1.225536306288431199e+01
7.100000000000000000e+01 1.280000000000010000e+14 0.000000000000000000e+00 1.000000000000000000e+00 2.248032734446631480e+02 5.437531426996287998e+00 1.171492492384304107e+01
7.200000000000000000e+01 1.280000000000010000e+14 0.000000000000000000e+00 0.000000000000000000e+00 1.438152584690189473e+00 1.438152584690189473e+00 1.211688683151668222e+01
7.300000000000000000e+01 1.280000000000010000e+14 0.000000000000000000e+00 0.000000000000000000e+00 1.537641701541374850e+01 1.537641701541374850e+01 1.215590795716166816e+01
7.400000000000000000e+01 1.280000000000010000e+14 0.000000000000000000e+00 0.000000000000000000e+00 1.052015964699475115e+00 1.052015964699475115e+00 1.203738205124721539e+01
7.500000000000000000e+01 1.280000000000010000e+14 0.000000000000000000e+00 0.000000000000000000e+00 6.273359925003006987e-01 6.273359925003006987e-01 1.230567734876887265e+01
7.600000000000000000e+01 1.280000000000010000e+14 0.000000000000000000e+00 0.000000000000000000e+00 1.477136515203521183e+00 1.477136515203521183e+00 1.222291627671799219e+01
7.700000000000000000e+01 1.280000000000010000e+14 0.000000000000000000e+00 1.000000000000000000e+00 6.034430496652561970e+01 6.034430496652561970e+01 1.189060171252908482e+01
7.800000000000000000e+01 1.280000000000010000e+14 0.000000000000000000e+00 0.000000000000000000e+00 1.832366091451820944e+00 1.832366091451820944e+00 1.209836368195152900e+01
7.900000000000000000e+01 1.280000000000010000e+14 0.000000000000000000e+00 1.000000000000000000e+00 6.782501237658420390e-01 6.782501237658420390e-01 1.229241106587997301e+01
8.000000000000000000e+01 1.280000000000020000e+14 0.000000000000000000e+00 1.000000000000000000e+00 1.254623354235937950e+04 4.027683623496267629e+00 1.227518553940811863e+01
8.100000000000000000e+01 1.280000000000010000e+14 0.000000000000000000e+00 0.000000000000000000e+00 2.649521066562689597e+00 2.649521066562689597e+00 1.212580278986999716e+01
8.200000000000000000e+01 1.280000000000010000e+14 0.000000000000000000e+00 0.000000000000000000e+00 3.715488962256679173e+01 3.715488962256679173e+01 1.227363954161445392e+01
8.300000000000000000e+01 1.280000000000010000e+14 0.000000000000000000e+00 0.000000000000000000e+00 3.275458893389113335e+00 3.275458893389113335e+00 1.228314755160374006e+01
8.400000000000000000e+01 1.280000000000010000e+14 0.000000000000000000e+00 2.000000000000000000e+00 2.177516934310372108e+02 5.155820126091716027e+00 1.173378129480254728e+01
8.500000000000000000e+01 1.280000000000010000e+14 0.000000000000000000e+00 0.000000000000000000e+00 2.794930790528268982e+00 2.794930790528268982e+00 1.209313213922486518e+01
8.600000000000000000e+01 1.280000000000010000e+14 0.000000000000000000e+00 9.000000000000000000e+00 1.603781357641193495e+01 1.603781357641193495e+01 1.155450234843901036e+01
8.700000000000000000e+01 1.280000000000010000e+14 0.000000000000000000e+00 0.000000000000000000e+00 9.046300553628194407e+00 9.046300553628194407e+00 1.196987541455788673e+01
8.800000000000000000e+01 1.280000000000010000e+14 0.000000000000000000e+00 0.000000000000000000e+00 2.885246095637789310e+01 2.885246095637789310e+01 1.192151083272740308e+01
8.900000000000000000e+01 1.280000000000010000e+14 0.000000000000000000e+00 0.000000000000000000e+00 1.117456718065340748e+00 1.117456718065340748e+00 1.197415602705709503e+01
9.000000000000000000e+01 1.280000000000020000e+14 0.000000000000000000e+00 1.000000000000000000e+00 2.095706889352848884e+04 1.497109112006580700e+00 1.211579128410430251e+01
9.100000000000000000e+01 1.280000000000010000e+14 0.000000000000000000e+00 0.000000000000000000e+00 3.770823691774280206e+01 3.770823691774280206e+01 1.212603179024975475e+01
9.200000000000000000e+01 1.280000000000010000e+14 0.000000000000000000e+00 1.000000000000000000e+00 6.223376614335843771e-01 6.223376614335843771e-01 1.215340808955858165e+01
9.300000000000000000e+01 1.280000000000010000e+14 0.000000000000000000e+00 1.000000000000000000e+00 1.081031776416000056e+01 1.081031776416000056e+01 1.196372557982985896e+01
9.400000000000000000e+01 1.280000000000010000e+14 0.000000000000000000e+00 0.000000000000000000e+00 2.583999321387180359e+00 9.458270071448294791e-01 1.208596032488487459e+01
9.500000000000000000e+01 1.280000000000020000e+14 1.000000000000000000e+00 0.000000000000000000e+00 1.330328858092117317e+00 1.330328858092117317e+00 1.242530593025918684e+01
9.600000000000000000e+01 1.280000000000010000e+14 0.000000000000000000e+00 0.000000000000000000e+00 5.125003406954460772e+00 2.418473010161255043e+00 1.219888290928356156e+01
9.700000000000000000e+01 1.280000000000010000e+14 0.000000000000000000e+00 0.000000000000000000e+00 4.417038814794408630e+00 4.417038814794408630e+00 1.226026253976035107e+01
9.800000000000000000e+01 1.280000000000010000e+14 0.000000000000000000e+00 0.000000000000000000e+00 1.621371203884269141e+00 1.621371203884269141e+00 1.208149177383283046e+01
9.900000000000000000e+01 1.280000000000010000e+14 0.000000000000000000e+00 0.000000000000000000e+00 8.299496043131730616e+00 8.299496043131730616e+00 1.222675528507785003e+01
1.000000000000000000e+02 1.280000000000010000e+14 0.000000000000000000e+00 0.000000000000000000e+00 1.430234272099068615e+00 1.430234272099068615e+00 1.217066741954535125e+01
1.010000000000000000e+02 1.280000000000020000e+14 0.000000000000000000e+00 1.000000000000000000e+00 5.509325113185563168e+03 6.198431957175957407e+00 1.223737880720889315e+01
1.020000000000000000e+02 1.280000000000010000e+14 0.000000000000000000e+00 0.000000000000000000e+00 5.451601086640548210e+00 5.451601086640548210e+00 1.242224687210866740e+01
1.030000000000000000e+02 1.280000000000010000e+14 0.000000000000000000e+00 0.000000000000000000e+00 2.620402111020297298e+00 2.620402111020297298e+00 1.229665730790834210e+01
1.040000000000000000e+02 1.280000000000010000e+14 0.000000000000000000e+00 0.000000000000000000e+00 9.064002406212382512e-01 9.064002406212382512e-01 1.207200791874072365e+01
1.050000000000000000e+02 1.280000000000010000e+14 0.000000000000000000e+00 0.000000000000000000e+00 1.728770606137458810e+00 1.728770606137458810e+00 1.221313165014080937e+01
1.060000000000000000e+02 1.280000000000010000e+14 0.000000000000000000e+00 0.000000000000000000e+00 2.343606714643299949e+00 2.718660506953493705e+00 1.192355477295286548e+01
1.070000000000000000e+02 1.280000000000010000e+14 0.000000000000000000e+00 0.000000000000000000e+00 6.480654761829447352e+01 6.480654761829447352e+01 1.227265158106998122e+01
1.080000000000000000e+02 1.280000000000010000e+14 0.000000000000000000e+00 0.000000000000000000e+00 2.042746069722014557e+00 2.036411553022306808e+00 1.210214811683442626e+01
1.090000000000000000e+02 1.280000000000010000e+14 0.000000000000000000e+00 1.000000000000000000e+00 2.331387982131677195e+00 2.331387982131677195e+00 1.199704191787948560e+01
1.100000000000000000e+02 1.280000000000020000e+14 0.000000000000000000e+00 2.000000000000000000e+00 8.879514863497170154e+03 2.897202366269077345e+00 1.203594588716603120e+01
1.110000000000000000e+02 1.280000000000010000e+14 1.000000000000000000e+00 0.000000000000000000e+00 4.229652865838530729e-01 4.229652865838530729e-01 1.215081367123778122e+01
1.120000000000000000e+02 1.280000000000010000e+14 0.000000000000000000e+00 0.000000000000000000e+00 4.665155017067309728e+00 4.665155017067309728e+00 1.195580121997094558e+01
1.130000000000000000e+02 1.280000000000010000e+14 0.000000000000000000e+00 0.000000000000000000e+00 8.845681807522309725e+01 8.845681807522309725e+01 1.238067120659339260e+01
1.140000000000000000e+02 1.280000000000010000e+14 0.000000000000000000e+00 2.000000000000000000e+00 2.552255221701680288e+00 2.552255221701680288e+00 1.195513917239988011e+01
1.150000000000000000e+02 1.280000000000010000e+14 0.000000000000000000e+00 0.000000000000000000e+00 4.516315938581239607e+03 7.715444105069954039e-01 1.217807447442974578e+01
1.160000000000000000e+02 1.280000000000010000e+14 0.000000000000000000e+00 0.000000000000000000e+00 6.502296708201512843e+01 6.502296708201512843e+01 1.199200505093729774e+01
1.170000000000000000e+02 1.280000000000010000e+14 0.000000000000000000e+00 0.000000000000000000e+00 2.833829723025158565e-01 9.331212988317295620e-01 1.219369935054985632e+01
1.180000000000000000e+02 1.280000000000010000e+14 0.000000000000000000e+00 1.000000000000000000e+00 2.442362993177554742e+01 2.442362993177554742e+01 1.193824436696059799e+01
1.190000000000000000e+02 1.280000000000010000e+14 0.000000000000000000e+00 0.000000000000000000e+00 1.322300729932173846e+00 1.322300729932173846e+00 1.231461187683007452e+01
1.200000000000000000e+02 1.280000000000010000e+14 0.000000000000000000e+00 0.000000000000000000e+00 1.409280240951433427e+01 1.409280240951433427e+01 1.222320223810985240e+01
1.210000000000000000e+02 1.280000000000010000e+14 0.000000000000000000e+00 0.000000000000000000e+00 9.543107047953945932e-01 8.569193242168724467e-01 1.204419082603238600e+01
1.220000000000000000e+02 1.280000000000010000e+14 0.000000000000000000e+00 0.000000000000000000e+00 5.458578456185917815e+01 5.363054725390030342e+01 1.191183011322946150e+01
1.230000000000000000e+02 1.280000000000010000e+14 0.000000000000000000e+00 0.000000000000000000e+00 2.525817011859572858e+00 2.525817011859572858e+00 1.208517474382674273e+01
1.240000000000000000e+02 1.280000000000010000e+14 0.000000000000000000e+00 1.000000000000000000e+00 7.316430046173402388e+02 1.820030370330314895e+00 1.191109519455880061e+01
1.250000000000000000e+02 1.280000000000010000e+14 0.000000000000000000e+00 0.000000000000000000e+00 5.714787517524927196e+00 5.714787517524927196e+00 1.211424223578197434e+01
1.260000000000000000e+02 1.280000000000010000e+14 0.000000000000000000e+00 0.000000000000000000e+00 8.263852775060168687e-01 8.263852775060168687e-01 1.227181525110894889e+01
1.270000000000000000e+02 1.280000000000010000e+14 0.000000000000000000e+00 0.000000000000000000e+00 2.763679214747035040e+00 2.411384844104769165e+00 1.226354991534577366e+01
1.280000000000000000e+02 1.280000000000010000e+14 0.000000000000000000e+00 0.000000000000000000e+00 1.495707891569479253e+00 1.495707891569479253e+00 1.237028346682444280e+01
1.290000000000000000e+02 1.280000000000010000e+14 0.000000000000000000e+00 0.000000000000000000e+00 1.204087080135593180e+00 1.204087080135593180e+00 1.265855121056978305e+01
1.300000000000000000e+02 1.280000000000010000e+14 0.000000000000000000e+00 0.000000000000000000e+00 1.903097538951479040e+00 1.903097538951479040e+00 1.235260537791581115e+01
1.310000000000000000e+02 1.280000000000010000e+14 0.000000000000000000e+00 1.000000000000000000e+00 5.029483508941092964e+02 5.377444133524058145e+00 1.174370740472844510e+01
1.320000000000000000e+02 1.280000000000010000e+14 0.000000000000000000e+00 0.000000000000000000e+00 9.816441784547704774e-01 9.816441784547704774e-01 1.201792771967832074e+01
1.330000000000000000e+02 1.280000000000010000e+14 0.000000000000000000e+00 0.000000000000000000e+00 1.051297095334890400e+03 1.107213385208967615e+00 1.195307535856155212e+01
1.340000000000000000e+02 1.280000000000010000e+14 0.000000000000000000e+00 0.000000000000000000e+00 2.445885937700487567e+00 2.445885937700487567e+00 1.218891320981914816e+01
1.350000000000000000e+02 1.280000000000010000e+14 0.000000000000000000e+00 0.000000000000000000e+00 9.453820905506924888e+00 9.453820905506924888e+00 1.224665906241117774e+01
1.360000000000000000e+02 1.280000000000010000e+14 0.000000000000000000e+00 7.000000000000000000e+00 1.078701584131319224e+00 1.078701584131319224e+00 1.162344987309851874e+01
1.370000000000000000e+02 1.280000000000010000e+14 0.000000000000000000e+00 0.000000000000000000e+00 4.567796508153962876e+00 4.567796508153962876e+00 1.201100054406170869e+01
1.380000000000000000e+02 1.280000000000010000e+14 0.000000000000000000e+00 1.000000000000000000e+00 2.913727457049456682e+00 2.913727457049456682e+00 1.195335542134337992e+01
1.390000000000000000e+02 1.280000000000010000e+14 0.000000000000000000e+00 0.000000000000000000e+00 3.563368448585090942e+00 3.563368448585090942e+00 1.194690817201981048e+01
1.400000000000000000e+02 1.280000000000010000e+14 0.000000000000000000e+00 0.000000000000000000e+00 3.081422372049404501e+00 3.081422372049404501e+00 1.210957263060027955e+01
1.410000000000000000e+02 1.280000000000010000e+14 0.000000000000000000e+00 0.000000000000000000e+00 8.441377113935240928e+00 7.083112729918374484e+00 1.204952916899745574e+01
1.420000000000000000e+02 1.280000000000010000e+14 0.000000000000000000e+00 2.000000000000000000e+00 2.263829125176897161e+00 2.263829125176897161e+00 1.209310328986595628e+01
1.430000000000000000e+02 1.280000000000010000e+14 1.000000000000000000e+00 0.000000000000000000e+00 2.880803041486776550e+01 2.880803041486776550e+01 1.217761082478364010e+01
1.440000000000000000e+02 1.280000000000010000e+14 0.000000000000000000e+00 2.000000000000000000e+00 1.877734995646391347e+00 1.877734995646391347e+00 1.193070424737105739e+01
1.450000000000000000e+02 1.280000000000010000e+14 0.000000000000000000e+00 0.000000000000000000e+00 1.823059866767688275e+00 1.823059866767688275e+00 1.219528972531809963e+01
1.460000000000000000e+02 1.280000000000010000e+14 0.000000000000000000e+00 0.000000000000000000e+00 1.073290331943333342e+00 1.073290331943333342e+00 1.236110673849146124e+01
1.470000000000000000e+02 1.280000000000010000e+14 0.000000000000000000e+00 0.000000000000000000e+00 6.928744185525973265e+00 6.928744185525973265e+00 1.224199364228718778e+01
1.480000000000000000e+02 1.280000000000010000e+14 0.000000000000000000e+00 0.000000000000000000e+00 1.586724603056442806e+00 1.586724603056442806e+00 1.220473190074165792e+01
1.490000000000000000e+02 1.280000000000010000e+14 0.000000000000000000e+00 0.000000000000000000e+00 5.667223705311774662e-01 5.667223705311774662e-01 1.233858128830522638e+01
1.500000000000000000e+02 1.280000000000010000e+14 0.000000000000000000e+00 0.000000000000000000e+00 4.118648206860470395e+00 4.118648206860470395e+00 1.199627422132861376e+01
1.510000000000000000e+02 1.280000000000010000e+14 0.000000000000000000e+00 0.000000000000000000e+00 4.045440626638234782e+00 4.045440626638234782e+00 1.214569054496052658e+01
1.520000000000000000e+02 1.280000000000010000e+14 0.000000000000000000e+00 0.000000000000000000e+00 6.985383545229118418e+00 6.985383545229118418e+00 1.222137287139763018e+01
1.530000000000000000e+02 1.280000000000010000e+14 0.000000000000000000e+00 0.000000000000000000e+00 8.289770168833147101e-01 8.289770168833147101e-01 1.238392687616632060e+01
1.540000000000000000e+02 1.280000000000010000e+14 0.000000000000000000e+00 0.000000000000000000e+00 2.937138680287272319e+00 2.937138680287272319e+00 1.200153059860456750e+01
1.550000000000000000e+02 1.280000000000010000e+14 0.000000000000000000e+00 0.000000000000000000e+00 1.056263811340097725e+01 1.056263811340097725e+01 1.224516589633504360e+01
1.560000000000000000e+02 1.280000000000010000e+14 0.000000000000000000e+00 0.000000000000000000e+00 1.464176947549477026e+00 1.464176947549477026e+00 1.223029420484000163e+01
1.570000000000000000e+02 1.280000000000010000e+14 0.000000000000000000e+00 0.000000000000000000e+00 2.654961079225269582e+00 2.654961079225269582e+00 1.219821543751524651e+01
1.580000000000000000e+02 1.280000000000010000e+14 0.000000000000000000e+00 0.000000000000000000e+00 9.618412356623373682e-01 9.618412356623373682e-01 1.233617079165343000e+01
1.590000000000000000e+02 1.280000000000010000e+14 0.000000000000000000e+00 0.000000000000000000e+00 2.331430107233919635e+00 2.331430107233919635e+00 1.239280561369025868e+01
1.600000000000000000e+02 1.280000000000010000e+14 0.000000000000000000e+00 0.000000000000000000e+00 1.688528930696720831e+00 1.638212673352613002e+00 1.221935711006520542e+01
1.610000000000000000e+02 1.280000000000010000e+14 0.000000000000000000e+00 4.000000000000000000e+00 4.131112494956690284e+01 4.131112494956690284e+01 1.164954138688173302e+01
1.620000000000000000e+02 1.280000000000010000e+14 0.000000000000000000e+00 0.000000000000000000e+00 1.623099047619700031e+00 1.623099047619700031e+00 1.224982434756667971e+01
1.630000000000000000e+02 1.280000000000010000e+14 0.000000000000000000e+00 2.000000000000000000e+00 9.692101404919077012e+00 9.692101404919077012e+00 1.200349982430404872e+01
1.640000000000000000e+02 1.280000000000010000e+14 0.000000000000000000e+00 0.000000000000000000e+00 1.481322115537122786e+00 1.481322115537122786e+00 1.210227691304014463e+01
1.650000000000000000e+02 1.280000000000010000e+14 0.000000000000000000e+00 0.000000000000000000e+00 3.226153051784675263e+00 3.423338544161681263e+00 1.206360847066469510e+01
1.660000000000000000e+02 1.280000000000010000e+14 0.000000000000000000e+00 0.000000000000000000e+00 1.582438129485381761e+00 1.582438129485381761e+00 1.205702139148714913e+01
1.670000000000000000e+02 1.280000000000010000e+14 0.000000000000000000e+00 0.000000000000000000e+00 1.176549502243562806e+00 1.176549502243562806e+00 1.221185494098171276e+01
1.680000000000000000e+02 1.280000000000020000e+14 0.000000000000000000e+00 1.000000000000000000e+00 1.289711421830170757e+01 1.351627490382737484e+01 1.205368404237784929e+01
1.690000000000000000e+02 1.280000000000010000e+14 0.000000000000000000e+00 0.000000000000000000e+00 6.940033690968061553e-01 7.132576127593904802e-01 1.204280803967585278e+01
1.700000000000000000e+02 1.280000000000010000e+14 0.000000000000000000e+00 0.000000000000000000e+00 2.819649978835677473e+00 2.819649978835677473e+00 1.208504816821078798e+01
1.710000000000000000e+02 1.280000000000010000e+14 0.000000000000000000e+00 4.000000000000000000e+00 2.137638498002875753e+00 2.137638498002875753e+00 1.167099735860711540e+01
1.720000000000000000e+02 1.280000000000010000e+14 0.000000000000000000e+00 0.000000000000000000e+00 2.423589854985432002e+00 2.423589854985432002e+00 1.225518419597371889e+01
1.730000000000000000e+02 1.280000000000010000e+14 0.000000000000000000e+00 0.000000000000000000e+00 4.386059919694967135e+01 4.386059919694967135e+01 1.193733277355283739e+01
1.740000000000000000e+02 1.280000000000010000e+14 2.000000000000000000e+00 2.400000000000000000e+01 1.337718242336618914e+03 3.008317925935273696e+00 1.148185549773805114e+01
1.750000000000000000e+02 1.280000000000010000e+14 1.000000000000000000e+00 2.000000000000000000e+00 1.816855711342292512e+00 2.425425666366925803e+00 1.205198656126048817e+01
1.760000000000000000e+02 1.280000000000010000e+14 0.000000000000000000e+00 0.000000000000000000e+00 5.993628312760636012e-01 5.993628312760636012e-01 1.200689699429310586e+01
1.770000000000000000e+02 1.280000000000010000e+14 0.000000000000000000e+00 1.000000000000000000e+00 5.626219091101866354e+00 5.626219091101866354e+00 1.208246777991851850e+01
1.780000000000000000e+02 1.280000000000010000e+14 0.000000000000000000e+00 0.000000000000000000e+00 1.821799821409198827e+00 1.821799821409198827e+00 1.242020891833097807e+01
1.790000000000000000e+02 1.280000000000010000e+14 0.000000000000000000e+00 1.000000000000000000e+00 1.673470317316977152e+00 1.673470317316977152e+00 1.181148674242992236e+01
1.800000000000000000e+02 1.280000000000010000e+14 0.000000000000000000e+00 0.000000000000000000e+00 2.117325217124441217e+00 2.117325217124441217e+00 1.209747314082879477e+01
1.810000000000000000e+02 1.280000000000010000e+14 0.000000000000000000e+00 0.000000000000000000e+00 2.517345678718001967e+00 2.517345678718001967e+00 1.232223107196556100e+01
1.820000000000000000e+02 1.280000000000010000e+14 0.000000000000000000e+00 0.000000000000000000e+00 4.863885783241048699e+00 4.863885783241048699e+00 1.214588501087336248e+01
1.830000000000000000e+02 1.280000000000010000e+14 0.000000000000000000e+00 0.000000000000000000e+00 2.275281400192018744e+00 2.275281400192018744e+00 1.202257922607484808e+01
1.840000000000000000e+02 1.280000000000010000e+14 0.000000000000000000e+00 0.000000000000000000e+00 4.708602180083974353e+00 4.708602180083974353e+00 1.175229864820970427e+01
1.850000000000000000e+02 1.280000000000010000e+14 0.000000000000000000e+00 0.000000000000000000e+00 1.663573303047952257e+00 1.663573303047952257e+00 1.204970841527600456e+01
1.860000000000000000e+02 1.280000000000010000e+14 0.000000000000000000e+00 0.000000000000000000e+00 1.635564185334705822e+00 1.635564185334705822e+00 1.220356471817832755e+01
1.870000000000000000e+02 1.280000000000010000e+14 0.000000000000000000e+00 0.000000000000000000e+00 2.574976859243027771e+00 3.261296236903554302e+00 1.220993849919748087e+01
1.880000000000000000e+02 1.280000000000010000e+14 0.000000000000000000e+00 0.000000000000000000e+00 6.595862868755131281e+00 6.595862868755131281e+00 1.217354543342856488e+01
1.890000000000000000e+02 1.280000000000010000e+14 0.000000000000000000e+00 0.000000000000000000e+00 6.401614320513913547e+00 6.401614320513913547e+00 1.213484249160024930e+01
1.900000000000000000e+02 1.280000000000010000e+14 0.000000000000000000e+00 0.000000000000000000e+00 1.464014783630640748e+00 2.031316762033169798e+00 1.186848052543873777e+01
1.910000000000000000e+02 1.280000000000010000e+14 1.000000000000000000e+00 0.000000000000000000e+00 1.231608412485154735e+00 1.231608412485154735e+00 1.211366902889914421e+01
1.920000000000000000e+02 1.280000000000010000e+14 0.000000000000000000e+00 0.000000000000000000e+00 9.606029771682520035e+00 9.606029771682520035e+00 1.195671194241085189e+01
1.930000000000000000e+02 1.280000000000010000e+14 0.000000000000000000e+00 1.000000000000000000e+00 1.120564057030448112e+03 3.257210220302303672e+00 1.182732974433562489e+01
1.940000000000000000e+02 1.280000000000010000e+14 0.000000000000000000e+00 0.000000000000000000e+00 5.416605482042316311e+01 5.416605482042316311e+01 1.211991722455333864e+01
1.950000000000000000e+02 1.280000000000010000e+14 0.000000000000000000e+00 0.000000000000000000e+00 4.080708473531137415e+00 4.080708473531137415e+00 1.231498042947153948e+01
1.960000000000000000e+02 1.280000000000010000e+14 0.000000000000000000e+00 1.000000000000000000e+00 3.629912512745603337e+00 3.629912512745603337e+00 1.188584950472309565e+01
1.970000000000000000e+02 1.280000000000010000e+14 0.000000000000000000e+00 0.000000000000000000e+00 1.831203259751627899e+00 1.831203259751627899e+00 1.212607978153352661e+01
1.980000000000000000e+02 1.280000000000010000e+14 0.000000000000000000e+00 0.000000000000000000e+00 3.772721034646545490e+01 3.772721034646545490e+01 1.236939201307135683e+01
1.990000000000000000e+02 1.280000000000010000e+14 0.000000000000000000e+00 0.000000000000000000e+00 2.933173625036335608e+00 2.933173625036335608e+00 1.201096416222834584e+01
2.000000000000000000e+02 1.280000000000010000e+14 0.000000000000000000e+00 0.000000000000000000e+00 2.745872506931421597e+01 2.605470054069964547e+01 1.191090738304647978e+01
2.010000000000000000e+02 1.280000000000010000e+14 0.000000000000000000e+00 0.000000000000000000e+00 4.179725512710702695e+00 6.477059429515642286e+00 1.193008871393373127e+01
2.020000000000000000e+02 1.280000000000010000e+14 0.000000000000000000e+00 0.000000000000000000e+00 1.654990409784741434e+00 1.654990409784741434e+00 1.226772062318790724e+01
2.030000000000000000e+02 1.280000000000010000e+14 0.000000000000000000e+00 0.000000000000000000e+00 2.007455540408832562e+00 2.007455540408832562e+00 1.209911518314646806e+01
2.040000000000000000e+02 1.280000000000010000e+14 0.000000000000000000e+00 1.000000000000000000e+00 1.621681088037897345e+00 1.621681088037897345e+00 1.189264541223527338e+01
2.050000000000000000e+02 1.280000000000010000e+14 0.000000000000000000e+00 1.000000000000000000e+00 8.348771765848940873e+00 8.348771765848940873e+00 1.196851710677848857e+01
2.060000000000000000e+02 1.280000000000010000e+14 0.000000000000000000e+00 0.000000000000000000e+00 2.068948671507841119e+00 1.983628290292089646e+00 1.229649538681970355e+01
2.070000000000000000e+02 1.280000000000010000e+14 0.000000000000000000e+00 0.000000000000000000e+00 1.360113848730626351e+00 1.360113848730626351e+00 1.210773468607676939e+01
2.080000000000000000e+02 1.280000000000010000e+14 0.000000000000000000e+00 0.000000000000000000e+00 1.928040213068381359e+00 1.928040213068381359e+00 1.192350331714537681e+01
2.090000000000000000e+02 1.280000000000010000e+14 0.000000000000000000e+00 0.000000000000000000e+00 7.382627554940314196e-01 7.382627554940314196e-01 1.219141723608077044e+01
2.100000000000000000e+02 1.280000000000010000e+14 0.000000000000000000e+00 2.000000000000000000e+00 2.696837235661183385e+00 2.696837235661183385e+00 1.161816930283549709e+01
2.110000000000000000e+02 1.280000000000010000e+14 0.000000000000000000e+00 0.000000000000000000e+00 2.526738247078823996e+00 2.526738247078823996e+00 1.223058994562026314e+01
2.120000000000000000e+02 1.280000000000010000e+14 0.000000000000000000e+00 0.000000000000000000e+00 2.291306646132794889e+00 2.291306646132794889e+00 1.212865648281369246e+01
2.130000000000000000e+02 1.280000000000010000e+14 0.000000000000000000e+00 1.000000000000000000e+00 1.289901891915021137e+00 1.289901891915021137e+00 1.221781787334020031e+01
2.140000000000000000e+02 1.280000000000010000e+14 0.000000000000000000e+00 0.000000000000000000e+00 1.366311955532662914e+01 1.366311955532662914e+01 1.219386432580738777e+01
2.150000000000000000e+02 1.280000000000010000e+14 0.000000000000000000e+00 0.000000000000000000e+00 1.189919979404998607e+00 1.189919979404998607e+00 1.205856436400278575e+01
2.160000000000000000e+02 1.280000000000010000e+14 0.000000000000000000e+00 0.000000000000000000e+00 4.824276774977511906e+01 4.824276774977511906e+01 1.188133335957488868e+01
2.170000000000000000e+02 1.280000000000010000e+14 0.000000000000000000e+00 0.000000000000000000e+00 2.000302615511548865e+00 2.000302615511548865e+00 1.220406404247996335e+01
2.180000000000000000e+02 1.280000000000010000e+14 0.000000000000000000e+00 0.000000000000000000e+00 3.628458006065462982e+00 3.628458006065462982e+00 1.208589839384076647e+01
2.190000000000000000e+02 1.280000000000010000e+14 0.000000000000000000e+00 0.000000000000000000e+00 3.368185815401034233e+00 3.368185815401034233e+00 1.213911379933107959e+01
2.200000000000000000e+02 1.280000000000010000e+14 0.000000000000000000e+00 2.000000000000000000e+00 4.197102806990793411e+00 4.197102806990793411e+00 1.182053359331150233e+01
2.210000000000000000e+02 1.280000000000010000e+14 0.000000000000000000e+00 0.000000000000000000e+00 9.884172963377976018e+00 9.548053300134906607e+00 1.227896238309933530e+01
2.220000000000000000e+02 1.280000000000010000e+14 0.000000000000000000e+00 0.000000000000000000e+00 1.441664360539898659e+00 1.441664360539898659e+00 1.207143156662022676e+01
2.230000000000000000e+02 1.280000000000010000e+14 0.000000000000000000e+00 0.000000000000000000e+00 1.902487020354178382e+00 1.902487020354178382e+00 1.232484594695881697e+01
2.240000000000000000e+02 1.280000000000010000e+14 0.000000000000000000e+00 0.000000000000000000e+00 4.093959488516817125e+00 4.540609371225078128e+00 1.209922141843035348e+01
2.250000000000000000e+02 1.280000000000010000e+14 0.000000000000000000e+00 0.000000000000000000e+00 3.500518679947715039e+00 3.500518679947715039e+00 1.219799051770267084e+01
2.260000000000000000e+02 1.280000000000010000e+14 0.000000000000000000e+00 0.000000000000000000e+00 9.351325812565591811e-01 1.106945870633090134e+00 1.213842652690980728e+01
2.270000000000000000e+02 1.280000000000010000e+14 0.000000000000000000e+00 0.000000000000000000e+00 2.224971692214671837e+00 2.224971692214671837e+00 1.218257206297478135e+01
2.280000000000000000e+02 1.280000000000010000e+14 0.000000000000000000e+00 0.000000000000000000e+00 9.854622266565845621e+02 8.622481671233043210e-01 1.188647543759326375e+01
2.290000000000000000e+02 1.280000000000010000e+14 0.000000000000000000e+00 0.000000000000000000e+00 1.916479937433378211e+01 1.916479937433378211e+01 1.197644214010585628e+01
2.300000000000000000e+02 1.280000000000010000e+14 0.000000000000000000e+00 1.000000000000000000e+00 3.356498038974185647e+02 1.204750285822524969e+00 1.168764193080354730e+01
2.310000000000000000e+02 1.280000000000010000e+14 0.000000000000000000e+00 0.000000000000000000e+00 1.719515939258452253e+00 1.719515939258452253e+00 1.219634385124259168e+01
2.320000000000000000e+02 1.280000000000010000e+14 0.000000000000000000e+00 0.000000000000000000e+00 3.894632108131227177e+00 3.894632108131227177e+00 1.231472645227805351e+01
2.330000000000000000e+02 1.280000000000010000e+14 0.000000000000000000e+00 0.000000000000000000e+00 5.763027324370812998e+00 5.763027324370812998e+00 1.234032762566190833e+01
2.340000000000000000e+02 1.280000000000010000e+14 0.000000000000000000e+00 0.000000000000000000e+00 6.968080405680182388e+00 6.968080405680182388e+00 1.222552642536526335e+01
2.350000000000000000e+02 1.280000000000010000e+14 0.000000000000000000e+00 1.000000000000000000e+00 1.093325008362081917e+03 4.201389853280389275e+00 1.187807266568614928e+01
2.360000000000000000e+02 1.280000000000010000e+14 0.000000000000000000e+00 1.000000000000000000e+00 2.490057053720517555e+00 2.490057053720517555e+00 1.174408719160807912e+01
2.370000000000000000e+02 1.280000000000010000e+14 0.000000000000000000e+00 0.000000000000000000e+00 1.458326297444032082e+00 1.458326297444032082e+00 1.191554338689761394e+01
2.380000000000000000e+02 1.280000000000010000e+14 0.000000000000000000e+00 0.000000000000000000e+00 1.936651086803934607e+00 1.936651086803934607e+00 1.216104789099726879e+01
2.390000000000000000e+02 1.280000000000010000e+14 0.000000000000000000e+00 0.000000000000000000e+00 1.158023931842624199e+00 1.319554135883097779e+00 1.213514584853606415e+01
2.400000000000000000e+02 1.280000000000010000e+14 0.000000000000000000e+00 0.000000000000000000e+00 1.139804707111687021e+00 1.139804707111687021e+00 1.213596646098891263e+01
2.410000000000000000e+02 1.280000000000010000e+14 0.000000000000000000e+00 0.000000000000000000e+00 3.601954491823947890e+00 3.601954491823947890e+00 1.231431901218316582e+01
2.420000000000000000e+02 1.280000000000010000e+14 0.000000000000000000e+00 0.000000000000000000e+00 1.742089804517537459e+02 1.148601826479957708e+02 1.196004175349576037e+01
2.430000000000000000e+02 1.280000000000010000e+14 0.000000000000000000e+00 0.000000000000000000e+00 2.870495460383105102e-01 2.870495460383105102e-01 1.215619139373504964e+01
2.440000000000000000e+02 1.280000000000010000e+14 0.000000000000000000e+00 1.000000000000000000e+00 1.894972200318534084e+00 1.894972200318534084e+00 1.179361615559893828e+01
2.450000000000000000e+02 1.280000000000020000e+14 1.000000000000000000e+00 1.000000000000000000e+00 5.515543404363376112e+01 5.411009826125454225e+01 1.192667206271139690e+01
2.460000000000000000e+02 1.280000000000010000e+14 0.000000000000000000e+00 0.000000000000000000e+00 3.788919973208244585e-01 3.788919973208244585e-01 1.240281374037193274e+01
2.470000000000000000e+02 1.280000000000010000e+14 0.000000000000000000e+00 0.000000000000000000e+00 9.289020771745206684e-01 1.493421062243903252e+00 1.219046827470073069e+01
2.480000000000000000e+02 1.280000000000010000e+14 0.000000000000000000e+00 1.000000000000000000e+00 1.666009775441637419e+00 1.666009775441637419e+00 1.211936318339402519e+01
2.490000000000000000e+02 1.280000000000010000e+14 0.000000000000000000e+00 0.000000000000000000e+00 1.720914570872190241e+00 2.549211561307104912e+00 1.212371300171795596e+01
2.500000000000000000e+02 1.280000000000010000e+14 0.000000000000000000e+00 1.000000000000000000e+00 1.094079476835162978e+01 9.229531492661005032e+00 1.199461736096936804e+01
2.510000000000000000e+02 1.280000000000010000e+14 0.000000000000000000e+00 0.000000000000000000e+00 1.046284777041224912e+00 1.046284777041224912e+00 1.218603147554588695e+01
2.520000000000000000e+02 1.280000000000010000e+14 0.000000000000000000e+00 0.000000000000000000e+00 2.849844731627811267e+00 2.849844731627811267e+00 1.206537424887894616e+01
2.530000000000000000e+02 1.280000000000010000e+14 0.000000000000000000e+00 0.000000000000000000e+00 2.514835650154635616e+00 2.514835650154635616e+00 1.210332623706800703e+01
2.540000000000000000e+02 1.280000000000010000e+14 0.000000000000000000e+00 1.000000000000000000e+00 1.239280933042198285e+01 1.239280933042198285e+01 1.205288375957622016e+01
2.550000000000000000e+02 1.280000000000010000e+14 0.000000000000000000e+00 2.000000000000000000e+00 2.275437870843515498e+01 2.275437870843515498e+01 1.195327828341648946e+01
2.560000000000000000e+02 1.280000000000010000e+14 0.000000000000000000e+00 0.000000000000000000e+00 5.579534758733634137e-01 5.579534758733634137e-01 1.207591726328733372e+01
2.570000000000000000e+02 1.280000000000010000e+14 0.000000000000000000e+00 0.000000000000000000e+00 5.215929816845049638e-01 5.215929816845049638e-01 1.193094068702872512e+01
2.580000000000000000e+02 1.280000000000010000e+14 0.000000000000000000e+00 0.000000000000000000e+00 1.202297494240582765e+01 1.202297494240582765e+01 1.192928410566883812e+01
2.590000000000000000e+02 1.280000000000010000e+14 0.000000000000000000e+00 0.000000000000000000e+00 3.169481855176331297e+00 3.169481855176331297e+00 1.217185523658861968e+01
2.600000000000000000e+02 1.280000000000010000e+14 0.000000000000000000e+00 0.000000000000000000e+00 1.276039750091421121e+00 1.276039750091421121e+00 1.242775826772023073e+01
2.610000000000000000e+02 1.280000000000010000e+14 0.000000000000000000e+00 0.000000000000000000e+00 1.603368200633153773e+00 1.603368200633153773e+00 1.208351228682544765e+01
2.620000000000000000e+02 1.280000000000010000e+14 0.000000000000000000e+00 1.000000000000000000e+00 4.505262513456413558e+02 3.383850835149583514e+00 1.173539657149000703e+01
2.630000000000000000e+02 1.280000000000010000e+14 0.000000000000000000e+00 0.000000000000000000e+00 5.150609565287748159e-01 5.150609565287748159e-01 1.214691610811966704e+01
2.640000000000000000e+02 1.280000000000010000e+14 0.000000000000000000e+00 1.000000000000000000e+00 1.112144033561123251e+03 2.849695256826850542e+00 1.195493910453634001e+01
2.650000000000000000e+02 1.280000000000010000e+14 0.000000000000000000e+00 1.000000000000000000e+00 5.422083860545698464e+00 5.422083860545698464e+00 1.206696741412432772e+01
2.660000000000000000e+02 1.280000000000010000e+14 0.000000000000000000e+00 0.000000000000000000e+00 1.500780896770016470e+00 1.500780896770016470e+00 1.199598504411300226e+01
2.670000000000000000e+02 1.280000000000010000e+14 0.000000000000000000e+00 0.000000000000000000e+00 5.407319750218471555e+00 5.407319750218471555e+00 1.216023436477932229e+01
2.680000000000000000e+02 1.280000000000010000e+14 0.000000000000000000e+00 0.000000000000000000e+00 3.983166459454603370e+01 4.221809750013639473e+01 1.223692636923931865e+01
2.690000000000000000e+02 1.280000000000010000e+14 0.000000000000000000e+00 0.000000000000000000e+00 1.138156455954717705e+00 1.138156455954717705e+00 1.223217547742750355e+01
2.700000000000000000e+02 1.280000000000010000e+14 0.000000000000000000e+00 1.000000000000000000e+00 1.664320267587520448e+02 5.429832258535621570e+00 1.184085943359632687e+01
2.710000000000000000e+02 1.280000000000010000e+14 0.000000000000000000e+00 0.000000000000000000e+00 7.085604643364022959e-01 7.085604643364022959e-01 1.218380502123898346e+01
2.720000000000000000e+02 1.280000000000020000e+14 0.000000000000000000e+00 4.000000000000000000e+00 1.035469876781600942e+04 1.697641794701053586e+00 1.169280393515387217e+01
2.730000000000000000e+02 1.280000000000010000e+14 0.000000000000000000e+00 3.000000000000000000e+00 3.910970679096167579e+00 3.910970679096167579e+00 1.175535250177648017e+01
2.740000000000000000e+02 1.280000000000010000e+14 0.000000000000000000e+00 0.000000000000000000e+00 3.402843825069036043e+00 3.402843825069036043e+00 1.228668375176101080e+01
2.750000000000000000e+02 1.280000000000010000e+14 0.000000000000000000e+00 2.000000000000000000e+00 1.299831506542001080e+03 3.939133952966966667e-01 1.203504825612982465e+01
2.760000000000000000e+02 1.280000000000010000e+14 0.000000000000000000e+00 0.000000000000000000e+00 1.994773858534964361e+00 1.994773858534964361e+00 1.221558218769776261e+01
2.770000000000000000e+02 1.280000000000010000e+14 0.000000000000000000e+00 5.000000000000000000e+00 2.533306137363021904e+00 2.533306137363021904e+00 1.165858044834113549e+01
2.780000000000000000e+02 1.280000000000010000e+14 0.000000000000000000e+00 0.000000000000000000e+00 8.081385095676245633e-01 8.081385095676245633e-01 1.198417653128544558e+01
2.790000000000000000e+02 1.280000000000010000e+14 0.000000000000000000e+00 3.000000000000000000e+00 1.160845297186820613e+00 1.160845297186820613e+00 1.177658747088870506e+01
2.800000000000000000e+02 1.280000000000010000e+14 0.000000000000000000e+00 0.000000000000000000e+00 3.555400365621390613e+00 3.555400365621390613e+00 1.208023200069645675e+01
2.810000000000000000e+02 1.280000000000010000e+14 0.000000000000000000e+00 1.000000000000000000e+00 1.977882745621085014e+00 1.977882745621085014e+00 1.199674163782426461e+01
2.820000000000000000e+02 1.280000000000010000e+14 0.000000000000000000e+00 0.000000000000000000e+00 2.062284566474774372e-01 2.062284566474774372e-01 1.242757076835116514e+01
2.830000000000000000e+02 1.280000000000010000e+14 0.000000000000000000e+00 0.000000000000000000e+00 7.670499541668502896e-01 7.670499541668502896e-01 1.213429619033118989e+01
2.840000000000000000e+02 1.280000000000010000e+14 1.000000000000000000e+00 5.000000000000000000e+00 3.053189667951165802e+02 2.268851436932674659e+00 1.181627493868603551e+01
2.850000000000000000e+02 1.280000000000010000e+14 0.000000000000000000e+00 0.000000000000000000e+00 3.208911829760857870e+01 3.208911829760857870e+01 1.217124577044971545e+01
2.860000000000000000e+02 1.280000000000010000e+14 0.000000000000000000e+00 0.000000000000000000e+00 1.758314838862576002e+00 1.758314838862576002e+00 1.225068288321882193e+01
2.870000000000000000e+02 1.280000000000010000e+14 0.000000000000000000e+00 1.000000000000000000e+00 4.309120632663994854e+01 4.309120632663994854e+01 1.190533776620661754e+01
2.880000000000000000e+02 1.280000000000010000e+14 0.000000000000000000e+00 0.000000000000000000e+00 1.734971887819263703e+00 2.840469344373585336e+00 1.200041722031338409e+01
2.890000000000000000e+02 1.280000000000010000e+14 1.000000000000000000e+00 6.000000000000000000e+00 7.282240396727420375e+02 1.087302578710468870e+00 1.161476106146956155e+01
2.900000000000000000e+02 1.280000000000010000e+14 0.000000000000000000e+00 0.000000000000000000e+00 2.336562512263905766e+00 4.360082088329282790e+00 1.189890996733491413e+01
2.910000000000000000e+02 1.280000000000010000e+14 0.000000000000000000e+00 1.000000000000000000e+00 1.329886239159528749e+00 1.329886239159528749e+00 1.181392297932654856e+01
2.920000000000000000e+02 1.280000000000010000e+14 0.000000000000000000e+00 0.000000000000000000e+00 1.587809710945782271e+00 1.587809710945782271e+00 1.181505454133086630e+01
2.930000000000000000e+02 1.280000000000010000e+14 0.000000000000000000e+00 0.000000000000000000e+00 1.072124336454479687e+00 1.072124336454479687e+00 1.230356296185760101e+01
2.940000000000000000e+02 1.280000000000010000e+14 0.000000000000000000e+00 0.000000000000000000e+00 6.998137967012928451e-01 6.998137967012928451e-01 1.190964443031140974e+01
2.950000000000000000e+02 1.280000000000010000e+14 0.000000000000000000e+00 0.000000000000000000e+00 1.271784901950955060e+00 1.271784901950955060e+00 1.227504638332115228e+01
2.960000000000000000e+02 1.280000000000010000e+14 0.000000000000000000e+00 0.000000000000000000e+00 4.731685425238185694e+00 4.731685425238185694e+00 1.215476490380753738e+01
2.970000000000000000e+02 1.280000000000010000e+14 0.000000000000000000e+00 0.000000000000000000e+00 1.419233682946210218e+00 1.419233682946210218e+00 1.211122384009765440e+01
2.980000000000000000e+02 1.280000000000010000e+14 0.000000000000000000e+00 0.000000000000000000e+00 2.431389299701904871e+00 2.431389299701904871e+00 1.212360175786986538e+01
2.990000000000000000e+02 1.280000000000010000e+14 0.000000000000000000e+00 0.000000000000000000e+00 1.070671692734801672e+00 1.070671692734801672e+00 1.226992169063406557e+01
3.000000000000000000e+02 1.280000000000010000e+14 2.000000000000000000e+00 1.000000000000000000e+00 1.841484965688551245e+00 1.841484965688551245e+00 1.194839829586140212e+01
3.010000000000000000e+02 1.280000000000010000e+14 0.000000000000000000e+00 0.000000000000000000e+00 2.105527658285015136e+01 2.105527658285015136e+01 1.225332218579944410e+01
3.020000000000000000e+02 1.280000000000010000e+14 0.000000000000000000e+00 0.000000000000000000e+00 2.878109114433047733e+00 2.878109114433047733e+00 1.191704248795924137e+01
3.030000000000000000e+02 1.280000000000010000e+14 0.000000000000000000e+00 1.000000000000000000e+00 2.416543731917012661e+00 2.416543731917012661e+00 1.190401674054376535e+01
3.040000000000000000e+02 1.280000000000010000e+14 0.000000000000000000e+00 0.000000000000000000e+00 1.135254640475096499e+00 1.135254640475096499e+00 1.193530329017116998e+01
3.050000000000000000e+02 1.280000000000010000e+14 0.000000000000000000e+00 0.000000000000000000e+00 7.194278065798532795e-01 7.194278065798532795e-01 1.224656679521124936e+01
3.060000000000000000e+02 1.280000000000010000e+14 0.000000000000000000e+00 0.000000000000000000e+00 1.342944859207966912e+00 1.342944859207966912e+00 1.218193545453289062e+01
3.070000000000000000e+02 1.280000000000010000e+14 0.000000000000000000e+00 0.000000000000000000e+00 9.952480738436639829e-01 9.952480738436639829e-01 1.208922536843310169e+01
3.080000000000000000e+02 1.280000000000010000e+14 0.000000000000000000e+00 0.000000000000000000e+00 1.737304733826044334e+00 1.737304733826044334e+00 1.202678169915055584e+01
3.090000000000000000e+02 1.280000000000010000e+14 1.000000000000000000e+00 3.000000000000000000e+00 4.253943774099182562e+00 4.253943774099182562e+00 1.181911602915660531e+01
3.100000000000000000e+02 1.280000000000010000e+14 0.000000000000000000e+00 0.000000000000000000e+00 9.346538398424172334e-01 9.346538398424172334e-01 1.194187816819956893e+01
3.110000000000000000e+02 1.280000000000010000e+14 0.000000000000000000e+00 0.000000000000000000e+00 3.809367237174509313e+00 3.809367237174509313e+00 1.223580207193239211e+01
3.120000000000000000e+02 1.280000000000010000e+14 0.000000000000000000e+00 0.000000000000000000e+00 1.094323725063985675e+00 8.225488648938802383e-01 1.213172689885678679e+01
3.130000000000000000e+02 1.280000000000010000e+14 0.000000000000000000e+00 0.000000000000000000e+00 1.717767190308964187e+00 1.850635884219657523e+00 1.221086180350895489e+01
3.140000000000000000e+02 1.280000000000010000e+14 0.000000000000000000e+00 0.000000000000000000e+00 1.637140756669073660e+00 4.194294040589793049e+00 1.208657378698350726e+01
3.150000000000000000e+02 1.280000000000010000e+14 0.000000000000000000e+00 0.000000000000000000e+00 9.420932056382346786e+01 9.420932056382346786e+01 1.194145314884496045e+01
3.160000000000000000e+02 1.280000000000010000e+14 0.000000000000000000e+00 1.000000000000000000e+00 2.431207085720793692e+00 2.431207085720793692e+00 1.203206536501928525e+01
3.170000000000000000e+02 1.280000000000010000e+14 0.000000000000000000e+00 0.000000000000000000e+00 1.764287829797606122e+00 1.998171265612976200e+00 1.196334808657174342e+01
3.180000000000000000e+02 1.280000000000010000e+14 0.000000000000000000e+00 1.000000000000000000e+00 6.076658627308905380e+01 6.076658627308905380e+01 1.208342966608174152e+01
3.190000000000000000e+02 1.280000000000010000e+14 0.000000000000000000e+00 0.000000000000000000e+00 3.054487910193425915e+00 3.054487910193425915e+00 1.214224530308469774e+01
3.200000000000000000e+02 1.280000000000010000e+14 0.000000000000000000e+00 0.000000000000000000e+00 3.865256364589882421e-01 3.865256364589882421e-01 1.239017419408705756e+01
3.210000000000000000e+02 1.280000000000010000e+14 0.000000000000000000e+00 0.000000000000000000e+00 3.194367538189438083e+00 3.194367538189438083e+00 1.201909010004938061e+01
3.220000000000000000e+02 1.280000000000010000e+14 0.000000000000000000e+00 0.000000000000000000e+00 2.302886466215227301e+00 2.302886466215227301e+00 1.223769614245642323e+01
3.230000000000000000e+02 1.280000000000010000e+14 0.000000000000000000e+00 0.000000000000000000e+00 7.708593729757255630e+01 7.708593729757255630e+01 1.199183623408520205e+01
3.240000000000000000e+02 1.280000000000010000e+14 0.000000000000000000e+00 0.000000000000000000e+00 7.850948774610502223e-01 7.850948774610502223e-01 1.208021695206933899e+01
