# M200: 1.60e+15 [Msun/h], R200 2156.62 [kpc/h], center: 500197.89 499905.53 500502.37 [kpc/h] 
#  radius [kpc/h] density [Msun/h/(kpc/h)^3] MW temp [k] total density [Msun/h/(kpc/h)^3]
1.061009227150981715e+01 9.534841849034093320e+05 9.607614400000000000e+07 5.945487576328974217e+07
1.190471933048065623e+01 5.596458677207098808e+05 7.622301600000000000e+07 6.458340317700801045e+07
1.335731478208461098e+01 8.285206678326729452e+05 1.133456880000000000e+08 4.811042625726639479e+07
1.498715368541934367e+01 5.004809972924361937e+05 1.405090880000000000e+08 4.384622811701633781e+07
1.681586301250018778e+01 6.048397566005807603e+05 1.422002240000000000e+08 4.139409693894571066e+07
1.886770862503902180e+01 5.288517084659733810e+05 1.574015200000000000e+08 3.558882252017414570e+07
2.116991726768610960e+01 2.704744950671938132e+05 1.733658560000000000e+08 3.378703138360256702e+07
2.375303785038961735e+01 3.352756600090084248e+05 1.746567200000000000e+08 3.077290433701169491e+07
2.665134681387019100e+01 4.008232105374147650e+05 1.762668480000000000e+08 2.522139548054337874e+07
2.990330295716419329e+01 3.635931881315889768e+05 1.644140800000000000e+08 2.240108933551874384e+07
3.355205776252070393e+01 3.283693956301747239e+05 1.809583040000000000e+08 1.996429654274392501e+07
3.764602798935368355e+01 3.329784987979904981e+05 1.771192160000000000e+08 1.644009245084044151e+07
4.223953813522307144e+01 3.257358249551829649e+05 1.762020480000000000e+08 1.480911352260121517e+07
4.739354128891183393e+01 3.039036960723027587e+05 1.725953120000000000e+08 1.260862421829786152e+07
5.317642794088114755e+01 2.738515070981024182e+05 1.684336960000000000e+08 1.055284998747432791e+07
5.966493348352720716e+01 3.066773802818669938e+05 1.614150080000000000e+08 9.315332930466538295e+06
6.694515644321666059e+01 2.674338702404010110e+05 1.588412640000000000e+08 7.723257471615591086e+06
7.511370095542110903e+01 2.664618577284055064e+05 1.492883520000000000e+08 6.733704477201263420e+06
8.427895864290151451e+01 2.534810826234255219e+05 1.474421600000000000e+08 5.562294008409416303e+06
9.456254690668745866e+01 2.391398379301085079e+05 1.442193280000000000e+08 4.685581892762870528e+06
1.061009227150983634e+02 2.160981500451507454e+05 1.427278880000000000e+08 4.210475968874442391e+06
1.190471933048067683e+02 2.037103768010069907e+05 1.423190880000000000e+08 3.454791400102286600e+06
1.335731478208464296e+02 1.862858957848744467e+05 1.401408640000000000e+08 2.966258702211916912e+06
1.498715368541937778e+02 1.674448482148342591e+05 1.368564960000000000e+08 2.413895795997978654e+06
1.681586301250021904e+02 1.523732460380296397e+05 1.346638720000000000e+08 2.072686374847340630e+06
1.886770862503905732e+02 1.341102581762772170e+05 1.335727360000000000e+08 1.753950252789402381e+06
2.116991726768615933e+02 1.186212531995507743e+05 1.314252400000000000e+08 1.518238247445654823e+06
2.375303785038967135e+02 1.022993789779337385e+05 1.281583920000000000e+08 1.248986279296198394e+06
2.665134681387023647e+02 8.934145565518886724e+04 1.238099360000000000e+08 9.930201378460472915e+05
2.990330295716424871e+02 7.690476257473869191e+04 1.208157840000000000e+08 8.107470521966977976e+05
3.355205776252078067e+02 6.635769241513429733e+04 1.178211600000000000e+08 6.381117358304212103e+05
3.764602798935376313e+02 5.553239295413744549e+04 1.153630800000000000e+08 5.042369166764812544e+05
4.223953813522314817e+02 4.474759272079329094e+04 1.146538560000000000e+08 4.028088110642032116e+05
4.739354128891192204e+02 3.574575706008872658e+04 1.143948400000000000e+08 3.239028114430689020e+05
5.317642794088127403e+02 2.838071266742004082e+04 1.137398560000000000e+08 2.534818682458966214e+05
5.966493348352735211e+02 2.269366995835224952e+04 1.117809280000000000e+08 2.039892223897424119e+05
6.694515644321679702e+02 1.846656967256955249e+04 1.080736560000000000e+08 1.592219861418928776e+05
7.511370095542124545e+02 1.492309324165156067e+04 1.027200960000000000e+08 1.278026144825814990e+05
8.427895864290170493e+02 1.197509780442980809e+04 9.682103200000000000e+07 1.036845619878385332e+05
9.456254690668768035e+02 9.394793206776226725e+03 9.202703200000000000e+07 7.614872422938556701e+04
1.061009227150985680e+03 7.436498783873015782e+03 8.786633600000000000e+07 5.857256214236122469e+04
1.190471933048070014e+03 5.777124481176269910e+03 8.180856800000000000e+07 4.308877400085728732e+04
1.335731478208466797e+03 4.507547734574688548e+03 7.554191200000000000e+07 3.122037528072099303e+04
1.498715368541940961e+03 3.476910080342210222e+03 6.979468000000000000e+07 2.357506683124462506e+04
1.681586301250025372e+03 2.563953646045211826e+03 6.245667200000000000e+07 1.816590001354139531e+04
1.886770862503909484e+03 1.659685676745551064e+03 4.998388800000000000e+07 1.392839156129695948e+04
2.116991726768620083e+03 1.132498420793441483e+03 4.025770000000000000e+07 9.620178997489712856e+03
2.375303785038971910e+03 8.223702301243545207e+02 3.561430000000000000e+07 6.751966901396823232e+03
2.665134681387029559e+03 5.674700080218771063e+02 3.221942600000000000e+07 5.336843623475360801e+03
