# M200: 1.38e+15 [Msun/h], R200 2048.72 [kpc/h], center: 501862.39 500695.08 500553.33 [kpc/h] 
#  radius [kpc/h] density [Msun/h/(kpc/h)^3] MW temp [k] total density [Msun/h/(kpc/h)^3]
1.061009227150981715e+01 1.885707815642264031e+05 9.581404800000000000e+07 2.510754212051070109e+07
1.190471933048065623e+01 1.105116206503154390e+05 1.282893680000000000e+08 2.521409484481525049e+07
1.335731478208461098e+01 1.581700903855807846e+05 1.141225280000000000e+08 2.370752566276921332e+07
1.498715368541934367e+01 0.000000000000000000e+00 nan 2.186584375809507817e+07
1.681586301250018778e+01 1.340504378792395291e+05 1.204245920000000000e+08 1.715887520920546725e+07
1.886770862503902180e+01 1.650913903211640718e+05 1.114309680000000000e+08 1.662157492184000649e+07
2.116991726768610960e+01 1.587406719369711645e+05 1.167691440000000000e+08 1.381371531307834573e+07
2.375303785038961735e+01 1.953627536114843970e+05 1.274500240000000000e+08 1.327418189971183427e+07
2.665134681387019100e+01 1.376357160096034349e+05 1.339847440000000000e+08 1.216496409252848104e+07
2.990330295716419329e+01 1.346407632264423301e+05 1.302620800000000000e+08 9.966607604390440509e+06
3.355205776252070393e+01 2.011206274829063041e+05 1.288052000000000000e+08 1.025469639735341258e+07
3.764602798935368355e+01 1.407610473939402727e+05 1.262903280000000000e+08 9.061872182070398703e+06
4.223953813522307144e+01 1.333885830828080361e+05 1.257252080000000000e+08 7.921605304879640229e+06
4.739354128891183393e+01 1.539581047870605544e+05 1.218767520000000000e+08 7.396655346817932092e+06
5.317642794088114755e+01 1.419859719300647557e+05 1.204215040000000000e+08 6.676184448205849156e+06
5.966493348352720716e+01 1.413852529259719013e+05 1.187083760000000000e+08 5.929081018859318458e+06
6.694515644321666059e+01 1.337297309233067208e+05 1.180652400000000000e+08 5.495925920585897751e+06
7.511370095542110903e+01 1.265665325269703462e+05 1.177589840000000000e+08 4.835287804135055281e+06
8.427895864290151451e+01 1.196658212476092885e+05 1.165326720000000000e+08 4.063812854898861609e+06
9.456254690668745866e+01 1.179088502787264006e+05 1.147583200000000000e+08 3.446484116310577840e+06
1.061009227150983634e+02 1.166024394471829000e+05 1.146147760000000000e+08 3.047599631205040030e+06
1.190471933048067683e+02 1.093398525773545407e+05 1.140292800000000000e+08 2.547659198303422891e+06
1.335731478208464296e+02 1.029064992893878516e+05 1.135850080000000000e+08 2.057045866921420908e+06
1.498715368541937778e+02 9.434587644489970990e+04 1.125591360000000000e+08 1.807339585266477196e+06
1.681586301250021904e+02 8.815790870705051930e+04 1.094224240000000000e+08 1.525732009163944284e+06
1.886770862503905732e+02 7.934417492654180387e+04 1.073932640000000000e+08 1.289983578187178122e+06
2.116991726768615933e+02 7.523172955038082728e+04 1.030506400000000000e+08 1.067265161389812594e+06
2.375303785038967135e+02 6.700847497484856285e+04 9.911696800000000000e+07 9.086356675229067914e+05
2.665134681387023647e+02 6.046766307276337466e+04 9.523971200000000000e+07 8.004653460756344721e+05
2.990330295716424871e+02 5.432197553569146112e+04 9.174225600000000000e+07 6.140227168392419117e+05
3.355205776252078067e+02 4.795659230530870991e+04 8.926972000000000000e+07 5.211576862213932909e+05
3.764602798935376313e+02 4.163416143742031272e+04 8.743597600000000000e+07 4.322561989855260472e+05
4.223953813522314817e+02 3.463624168118802481e+04 8.746287200000000000e+07 3.531766132529579918e+05
4.739354128891192204e+02 2.866398200289614397e+04 8.785583200000000000e+07 2.788371261452715262e+05
5.317642794088127403e+02 2.361702092206127782e+04 8.689500000000000000e+07 2.229527812885315507e+05
5.966493348352735211e+02 1.985232559740698707e+04 8.448048000000000000e+07 1.756227593935913465e+05
6.694515644321679702e+02 1.643701609366645062e+04 8.197689600000000000e+07 1.340036532093650603e+05
7.511370095542124545e+02 1.348780142251846883e+04 7.988928000000000000e+07 1.093660173306234792e+05
8.427895864290170493e+02 1.108314710067303713e+04 7.670570400000000000e+07 8.563520995897642570e+04
9.456254690668768035e+02 8.822486018406578296e+03 7.492810400000000000e+07 6.949842041598519427e+04
1.061009227150985680e+03 6.867098982675428488e+03 7.377337600000000000e+07 5.470607074156610179e+04
1.190471933048070014e+03 5.197368589171756867e+03 6.940205600000000000e+07 4.459238578926973423e+04
1.335731478208466797e+03 3.956206194128645620e+03 6.354153200000000000e+07 3.143410734983076691e+04
1.498715368541940961e+03 3.112414329872490271e+03 5.912260000000000000e+07 2.248166397817291727e+04
1.681586301250025372e+03 2.445054684855481810e+03 5.577454000000000000e+07 1.690267476193011680e+04
1.886770862503909484e+03 1.859648607322574208e+03 5.507136400000000000e+07 1.282447816063900427e+04
2.116991726768620083e+03 1.231107646281436018e+03 5.169499200000000000e+07 1.000274030621386373e+04
2.375303785038971910e+03 7.298201028565518982e+02 4.377701600000000000e+07 7.013378156836974085e+03
2.665134681387029559e+03 4.906889605393337206e+02 3.884544400000000000e+07 5.321842591946845459e+03
