# M200: 2.01e+15 [Msun/h], R200 2322.93 [kpc/h], center: 500496.99 499712.00 500493.90 [kpc/h] 
#  radius [kpc/h] density [Msun/h/(kpc/h)^3] MW temp [k] total density [Msun/h/(kpc/h)^3]
1.061009227150981715e+01 4.525677424618290388e+05 9.771040800000000000e+07 2.284795890116041899e+07
1.190471933048065623e+01 2.034759625244958734e+05 1.630389760000000000e+08 2.267751031507131830e+07
1.335731478208461098e+01 2.792741251784771448e+05 1.800336320000000000e+08 2.229214191806685179e+07
1.498715368541934367e+01 4.982072916831963812e+04 1.289418400000000000e+08 1.797986010337360576e+07
1.681586301250018778e+01 2.923056922644017613e+05 1.703495520000000000e+08 3.626288452692350000e+07
1.886770862503902180e+01 2.809875081394343870e+05 1.678941920000000000e+08 1.549419421957477555e+07
2.116991726768610960e+01 2.315559093278257351e+05 1.929057600000000000e+08 1.326394125763911009e+07
2.375303785038961735e+01 1.835762063922340458e+05 1.768075840000000000e+08 1.194035912143548578e+07
2.665134681387019100e+01 1.256853706512333301e+05 2.039996000000000000e+08 1.075295095657507889e+07
2.990330295716419329e+01 1.826681330977581674e+05 2.083062400000000000e+08 1.311313424115326256e+07
3.355205776252070393e+01 1.433733569538151787e+05 1.842127520000000000e+08 9.661052480467567220e+06
3.764602798935368355e+01 1.437317566408374405e+05 1.875649920000000000e+08 8.357142314666676335e+06
4.223953813522307144e+01 1.505858321775290242e+05 1.931832480000000000e+08 7.905361884867643006e+06
4.739354128891183393e+01 1.499601390136841510e+05 1.859928800000000000e+08 7.333176825777870603e+06
5.317642794088114755e+01 1.449769003143268928e+05 1.809712800000000000e+08 6.466128467868854292e+06
5.966493348352720716e+01 1.337921281725477602e+05 1.816837120000000000e+08 5.601912641263385303e+06
6.694515644321666059e+01 1.274301947474754561e+05 1.803329920000000000e+08 5.476691903484947979e+06
7.511370095542110903e+01 1.331847266441886604e+05 1.779640320000000000e+08 4.794882533109381795e+06
8.427895864290151451e+01 1.154714313082742156e+05 1.740869600000000000e+08 4.182621932302612346e+06
9.456254690668745866e+01 1.171658237789241830e+05 1.731245760000000000e+08 3.623543634830715135e+06
1.061009227150983634e+02 1.079567271686123277e+05 1.751077920000000000e+08 3.237964700935320463e+06
1.190471933048067683e+02 1.035218121790221048e+05 1.708123200000000000e+08 2.749471620487303473e+06
1.335731478208464296e+02 1.021322617239473620e+05 1.679632320000000000e+08 2.440335677748297807e+06
1.498715368541937778e+02 9.299908243946156290e+04 1.669497920000000000e+08 2.143137317380326800e+06
1.681586301250021904e+02 8.830259534674849419e+04 1.648097280000000000e+08 1.835584106746079633e+06
1.886770862503905732e+02 8.551098054919799324e+04 1.619287360000000000e+08 1.578177381920066895e+06
2.116991726768615933e+02 7.901464180686281179e+04 1.625158400000000000e+08 1.283662890992237721e+06
2.375303785038967135e+02 7.366962538193275395e+04 1.599827040000000000e+08 1.128395601627983619e+06
2.665134681387023647e+02 6.729714716057597252e+04 1.550455200000000000e+08 9.545490589085158426e+05
2.990330295716424871e+02 6.365210585593745782e+04 1.479851840000000000e+08 7.989648770118696848e+05
3.355205776252078067e+02 5.871845829070387845e+04 1.419682240000000000e+08 6.545321295889912872e+05
3.764602798935376313e+02 5.336584818665123021e+04 1.381940640000000000e+08 5.375268683673049090e+05
4.223953813522314817e+02 4.734871340579313255e+04 1.361430400000000000e+08 4.457591448555459501e+05
4.739354128891192204e+02 4.177746590823871520e+04 1.330253200000000000e+08 3.587698844286804087e+05
5.317642794088127403e+02 3.626732662728499417e+04 1.301556640000000000e+08 2.959109012298497255e+05
5.966493348352735211e+02 3.065635159340957762e+04 1.254735520000000000e+08 2.423157937933364010e+05
6.694515644321679702e+02 2.462196727896371885e+04 1.196421440000000000e+08 1.971800507449388388e+05
7.511370095542124545e+02 1.873355006992186463e+04 1.116697120000000000e+08 1.620889958165945136e+05
8.427895864290170493e+02 1.483749941785409828e+04 1.059147280000000000e+08 1.305523395067876118e+05
9.456254690668768035e+02 1.180860784380118457e+04 1.027807520000000000e+08 9.862478835444814467e+04
1.061009227150985680e+03 9.254990727499105560e+03 1.008869200000000000e+08 7.110641610291626421e+04
1.190471933048070014e+03 7.261875825506597721e+03 9.554232000000000000e+07 5.263510049579117185e+04
1.335731478208466797e+03 5.655644744093528971e+03 9.050713600000000000e+07 4.306172750190903025e+04
1.498715368541940961e+03 4.310336773009379613e+03 8.496813600000000000e+07 3.137777235967012530e+04
1.681586301250025372e+03 3.166393909095968866e+03 7.739073600000000000e+07 2.240761325966381628e+04
1.886770862503909484e+03 2.221108803266610721e+03 6.780135200000000000e+07 1.605641240158737492e+04
2.116991726768620083e+03 1.529206303829951139e+03 5.944598000000000000e+07 1.214662467540893340e+04
2.375303785038971910e+03 1.088074249772323356e+03 5.598622800000000000e+07 8.442095923176852011e+03
2.665134681387029559e+03 7.706412395548222776e+02 5.391579200000000000e+07 6.283800278563042411e+03
