# M200: 1.65e+15 [Msun/h], R200 2177.56 [kpc/h], center: 500956.82 500513.50 500319.35 [kpc/h] 
#  radius [kpc/h] density [Msun/h/(kpc/h)^3] MW temp [k] total density [Msun/h/(kpc/h)^3]
1.061009227150981715e+01 0.000000000000000000e+00 nan 2.469006155524370074e+07
1.190471933048065623e+01 2.809823694402376423e+05 7.617254400000000000e+07 1.935704287400171533e+07
1.335731478208461098e+01 1.580477288033864170e+05 1.417509920000000000e+08 2.138722693474887311e+07
1.498715368541934367e+01 2.195740151386481884e+05 1.328889120000000000e+08 1.961556232071709633e+07
1.681586301250018778e+01 2.777095311121738632e+05 1.176932960000000000e+08 1.858306882487872988e+07
1.886770862503902180e+01 3.737207569811806316e+05 1.171162080000000000e+08 1.614964560678585805e+07
2.116991726768610960e+01 2.908518346471761470e+05 1.270876640000000000e+08 1.531105561490216479e+07
2.375303785038961735e+01 2.970492559002521448e+05 1.247590800000000000e+08 1.382733985058631748e+07
2.665134681387019100e+01 2.471048412673689891e+05 1.301627840000000000e+08 1.075223308113312721e+07
2.990330295716419329e+01 2.372166933234969620e+05 1.277216720000000000e+08 1.262318605155300722e+07
3.355205776252070393e+01 2.010593507473663485e+05 1.278295200000000000e+08 9.583529726993773133e+06
3.764602798935368355e+01 2.493329948414806859e+05 1.283116080000000000e+08 8.054381658598924056e+06
4.223953813522307144e+01 2.301027572553608916e+05 1.294916880000000000e+08 7.705747660019208677e+06
4.739354128891183393e+01 2.074249163470427156e+05 1.301162240000000000e+08 6.363106421203572303e+06
5.317642794088114755e+01 2.059515169677652011e+05 1.278270720000000000e+08 5.918647776575197466e+06
5.966493348352720716e+01 2.119678458865642606e+05 1.265973920000000000e+08 5.072532783863258548e+06
6.694515644321666059e+01 1.921651440507899388e+05 1.251795280000000000e+08 4.369784123805306852e+06
7.511370095542110903e+01 2.045226645495813282e+05 1.222198240000000000e+08 3.887980358939674217e+06
8.427895864290151451e+01 1.897463250474220840e+05 1.211634960000000000e+08 3.548317303035519086e+06
9.456254690668745866e+01 1.814343749805804982e+05 1.194913840000000000e+08 3.264033236078826245e+06
1.061009227150983634e+02 1.690128805869441130e+05 1.179931360000000000e+08 2.658153371338237077e+06
1.190471933048067683e+02 1.610339181233752170e+05 1.162114160000000000e+08 2.258661898947673850e+06
1.335731478208464296e+02 1.436381087245022936e+05 1.139498720000000000e+08 2.126139950231781229e+06
1.498715368541937778e+02 1.300156657558055449e+05 1.134712240000000000e+08 1.714665043500268133e+06
1.681586301250021904e+02 1.181178743473474024e+05 1.136938880000000000e+08 1.449424648821283597e+06
1.886770862503905732e+02 1.072117439566734538e+05 1.152571760000000000e+08 1.213613793475523824e+06
2.116991726768615933e+02 9.426126077803492080e+04 1.195698880000000000e+08 1.028903548457335215e+06
2.375303785038967135e+02 8.418141113433272403e+04 1.222647760000000000e+08 8.982866532262929250e+05
2.665134681387023647e+02 7.628684288496022054e+04 1.214789680000000000e+08 7.836700470958363730e+05
2.990330295716424871e+02 6.802918144345021574e+04 1.209589120000000000e+08 6.673723176057469100e+05
3.355205776252078067e+02 5.969042859558212513e+04 1.208814320000000000e+08 5.972524859272409230e+05
3.764602798935376313e+02 5.253296091675533535e+04 1.174136480000000000e+08 5.395695620601121336e+05
4.223953813522314817e+02 4.521319895907677710e+04 1.145347760000000000e+08 5.007301864866726100e+05
4.739354128891192204e+02 3.916709513290741597e+04 1.107767280000000000e+08 4.007896355999353109e+05
5.317642794088127403e+02 3.275412830612698235e+04 1.085537200000000000e+08 3.047274298334608320e+05
5.966493348352735211e+02 2.688408951921425978e+04 1.053442720000000000e+08 2.429315373805706331e+05
6.694515644321679702e+02 2.125947843858614942e+04 1.001607360000000000e+08 1.897287896211585030e+05
7.511370095542124545e+02 1.661416995690264957e+04 9.472642400000000000e+07 1.438277424226877920e+05
8.427895864290170493e+02 1.305796632942007091e+04 8.904892800000000000e+07 1.097327951719002740e+05
9.456254690668768035e+02 1.010211929216660610e+04 8.313748000000000000e+07 8.229659770213927550e+04
1.061009227150985680e+03 7.780595003731395082e+03 7.637762400000000000e+07 6.544483594227589492e+04
1.190471933048070014e+03 5.960910710881701561e+03 6.882525600000000000e+07 5.112854691799565626e+04
1.335731478208466797e+03 4.396915453287014316e+03 6.267913200000000000e+07 3.634838783476319077e+04
1.498715368541940961e+03 3.207687995949175729e+03 5.700707600000000000e+07 2.413299151424639786e+04
1.681586301250025372e+03 2.296758995639723253e+03 5.245776800000000000e+07 1.653494008252171989e+04
1.886770862503909484e+03 1.632791910414334779e+03 4.815920800000000000e+07 1.219028458043017235e+04
2.116991726768620083e+03 1.110911877771967283e+03 4.257397600000000000e+07 8.875394983511048849e+03
2.375303785038971910e+03 7.569343472532401620e+02 3.592002800000000000e+07 6.088820063555545858e+03
2.665134681387029559e+03 5.216895404777534395e+02 3.015449400000000000e+07 3.928158060343875150e+03
