# M200: 6.20e+14 [Msun/h], R200 1571.08 [kpc/h], center: 500688.57 500023.38 500400.62 [kpc/h] 
#  radius [kpc/h] density [Msun/h/(kpc/h)^3] MW temp [k] total density [Msun/h/(kpc/h)^3]
1.061009227150981715e+01 0.000000000000000000e+00 nan 2.667157723239397630e+07
1.190471933048065623e+01 2.070565392433237575e+05 7.646556000000000000e+07 2.047396057201335579e+07
1.335731478208461098e+01 0.000000000000000000e+00 nan 2.282351906631163135e+07
1.498715368541934367e+01 9.952100807763305784e+04 8.050225600000000000e+07 1.770346631331605837e+07
1.681586301250018778e+01 1.811084600943751284e+05 7.167041600000000000e+07 1.694719907448801026e+07
1.886770862503902180e+01 1.010112569469950249e+05 8.365899200000000000e+07 1.411134475010005385e+07
2.116991726768610960e+01 1.052624927713326033e+05 8.516931200000000000e+07 1.310783422567467205e+07
2.375303785038961735e+01 1.490233491819651972e+05 7.947129600000000000e+07 1.350612345000762679e+07
2.665134681387019100e+01 1.058948533437718579e+05 7.846305600000000000e+07 1.310281571323744394e+07
2.990330295716419329e+01 1.249911008521317854e+05 9.030353600000000000e+07 1.095912809120913595e+07
3.355205776252070393e+01 1.155316631417004828e+05 8.976883200000000000e+07 9.494915846909122542e+06
3.764602798935368355e+01 8.494259736027939653e+04 8.722236000000000000e+07 8.743754101419499144e+06
4.223953813522307144e+01 1.003042005070297746e+05 8.476497600000000000e+07 8.423165377215735614e+06
4.739354128891183393e+01 1.023957424743755400e+05 8.042544800000000000e+07 6.598338136968481354e+06
5.317642794088114755e+01 9.563663621095610142e+04 8.156100000000000000e+07 5.911892534343846142e+06
5.966493348352720716e+01 9.185607443268582574e+04 8.072142400000000000e+07 4.942634868635386229e+06
6.694515644321666059e+01 8.124900896522914991e+04 7.561348800000000000e+07 4.077708254475052003e+06
7.511370095542110903e+01 8.370749339544690156e+04 7.477376800000000000e+07 3.720760068143588491e+06
8.427895864290151451e+01 7.651896556810961920e+04 7.538564800000000000e+07 3.058235004353718832e+06
9.456254690668745866e+01 6.930451107071056322e+04 7.512443200000000000e+07 2.539314223525951616e+06
1.061009227150983634e+02 7.315755273235666391e+04 7.466094400000000000e+07 2.369532308802297339e+06
1.190471933048067683e+02 6.694544246745381679e+04 7.326556000000000000e+07 1.822205688430590322e+06
1.335731478208464296e+02 6.349913203988882742e+04 6.889000000000000000e+07 1.641891978641290450e+06
1.498715368541937778e+02 6.248713227767199714e+04 6.322901600000000000e+07 1.250645567817941541e+06
1.681586301250021904e+02 6.049757277945640089e+04 6.007870400000000000e+07 1.016196649326522136e+06
1.886770862503905732e+02 5.665456934415109572e+04 5.834818800000000000e+07 8.614875144749364117e+05
2.116991726768615933e+02 5.071020626559665834e+04 5.706049200000000000e+07 7.056236463967064628e+05
2.375303785038967135e+02 4.462306653308893146e+04 5.588844800000000000e+07 5.432129245418906212e+05
2.665134681387023647e+02 3.840863334575422050e+04 5.399446000000000000e+07 4.404886774742137059e+05
2.990330295716424871e+02 3.326583138538896310e+04 5.185798000000000000e+07 3.527737553117676289e+05
3.355205776252078067e+02 2.877233968619451116e+04 4.955815200000000000e+07 2.749214735657661804e+05
3.764602798935376313e+02 2.418934972769488013e+04 4.771880400000000000e+07 2.248511709945116891e+05
4.223953813522314817e+02 2.046079464832657322e+04 4.643210000000000000e+07 1.790188377412166737e+05
4.739354128891192204e+02 1.704049186995793934e+04 4.465822400000000000e+07 1.413627821393167251e+05
5.317642794088127403e+02 1.395143814111378197e+04 4.395152800000000000e+07 1.106832871282361739e+05
5.966493348352735211e+02 1.116089848739792251e+04 4.316596800000000000e+07 8.518565205529399100e+04
6.694515644321679702e+02 8.888188594267803637e+03 4.220443600000000000e+07 6.757371611390264297e+04
7.511370095542124545e+02 6.990929364777915907e+03 4.200893600000000000e+07 5.514334075671267055e+04
8.427895864290170493e+02 5.405237924430815838e+03 4.139276800000000000e+07 4.396233703875975334e+04
9.456254690668768035e+02 4.381689089995583345e+03 3.931182800000000000e+07 3.472490879507563659e+04
1.061009227150985680e+03 3.704445833944220794e+03 3.601284000000000000e+07 2.789309988063286437e+04
1.190471933048070014e+03 3.197682101024750864e+03 3.299096000000000000e+07 2.412241175427114649e+04
1.335731478208466797e+03 2.534502794459633151e+03 3.025683600000000000e+07 1.992434055158728006e+04
1.498715368541940961e+03 1.874911650093716389e+03 2.819609000000000000e+07 1.695789269208618862e+04
1.681586301250025372e+03 1.433981855471116432e+03 2.624961400000000000e+07 1.202026209652064244e+04
1.886770862503909484e+03 1.103913400657955663e+03 2.620736800000000000e+07 9.265350529117258702e+03
2.116991726768620083e+03 8.149308061916705128e+02 2.580880200000000000e+07 6.717581604391699329e+03
2.375303785038971910e+03 5.781313294687727193e+02 2.701192800000000000e+07 4.428336295103443263e+03
2.665134681387029559e+03 4.000236277091184434e+02 2.656521600000000000e+07 3.272180251060037790e+03
