# M200: 1.16e+15 [Msun/h], R200 1935.24 [kpc/h], center: 499083.98 501045.02 499375.51 [kpc/h] 
#  radius [kpc/h] density [Msun/h/(kpc/h)^3] MW temp [k] total density [Msun/h/(kpc/h)^3]
1.061009227150981715e+01 1.397398315979292674e+05 1.179637040000000000e+08 3.954217538587611914e+07
1.190471933048065623e+01 6.811745385932385689e+05 8.047808000000000000e+07 4.479086979671425372e+07
1.335731478208461098e+01 0.000000000000000000e+00 nan 3.417008244771184772e+07
1.498715368541934367e+01 2.660031614739508368e+05 8.319941600000000000e+07 3.450013492826803774e+07
1.681586301250018778e+01 2.698696191412801854e+05 9.762820000000000000e+07 2.689696814959332347e+07
1.886770862503902180e+01 7.592142876360693481e+04 1.169112320000000000e+08 2.483218463544929773e+07
2.116991726768610960e+01 1.068730656974360754e+05 1.252970640000000000e+08 2.039238343073901162e+07
2.375303785038961735e+01 8.315721021418558666e+04 8.745969600000000000e+07 1.907531656370277703e+07
2.665134681387019100e+01 9.144689967694971710e+04 1.200675520000000000e+08 1.688875679066738486e+07
2.990330295716419329e+01 8.783615790537743305e+04 1.340095040000000000e+08 1.440685116357084177e+07
3.355205776252070393e+01 1.262894967805941124e+05 1.109288960000000000e+08 1.122317434056527726e+07
3.764602798935368355e+01 1.312900925362198032e+05 1.146238000000000000e+08 1.012099109309450351e+07
4.223953813522307144e+01 1.167613398436275456e+05 1.156596720000000000e+08 9.142621936947811395e+06
4.739354128891183393e+01 1.277032049122388853e+05 1.221390560000000000e+08 7.582971801745995879e+06
5.317642794088114755e+01 1.049234562292234914e+05 1.151180960000000000e+08 6.129643658614021726e+06
5.966493348352720716e+01 1.235082144272167352e+05 1.124118640000000000e+08 5.610470701850277372e+06
6.694515644321666059e+01 9.821080849866532662e+04 1.094515360000000000e+08 4.994278500695641153e+06
7.511370095542110903e+01 1.046757122532252251e+05 1.135827360000000000e+08 4.137064677224838175e+06
8.427895864290151451e+01 9.957991887947125360e+04 1.110048960000000000e+08 3.961312330156157725e+06
9.456254690668745866e+01 9.624086898954091885e+04 1.088079760000000000e+08 3.047353637470028363e+06
1.061009227150983634e+02 9.397285382861764811e+04 1.049436800000000000e+08 2.519587445464718621e+06
1.190471933048067683e+02 9.425026762823433091e+04 1.036899120000000000e+08 2.146031059112721588e+06
1.335731478208464296e+02 9.235504384503980691e+04 1.021966000000000000e+08 1.851673503091915976e+06
1.498715368541937778e+02 9.154902426922781160e+04 9.988816800000000000e+07 1.584937047970550833e+06
1.681586301250021904e+02 8.684483077253587544e+04 9.619574400000000000e+07 1.370041411323916866e+06
1.886770862503905732e+02 7.832667007315137016e+04 9.178156000000000000e+07 1.145715968151895329e+06
2.116991726768615933e+02 7.092618149297655327e+04 8.735349600000000000e+07 9.552891710253752535e+05
2.375303785038967135e+02 6.221897322358174279e+04 8.395356800000000000e+07 7.953360261810524389e+05
2.665134681387023647e+02 5.542919206756370113e+04 8.246587200000000000e+07 6.526591189740685513e+05
2.990330295716424871e+02 4.818546661761157884e+04 8.087642400000000000e+07 5.003790228432366857e+05
3.355205776252078067e+02 4.241070279027512152e+04 8.121976800000000000e+07 4.157434741309506353e+05
3.764602798935376313e+02 3.780651524297432479e+04 8.100159200000000000e+07 3.518280147728690063e+05
4.223953813522314817e+02 3.257946310163462113e+04 8.078600000000000000e+07 2.881421526161750080e+05
4.739354128891192204e+02 2.766311360508705184e+04 8.019415200000000000e+07 2.485956550652157457e+05
5.317642794088127403e+02 2.324502228850348911e+04 7.955112800000000000e+07 1.935575146241135080e+05
5.966493348352735211e+02 1.956736401861458944e+04 7.796946400000000000e+07 1.578573721496366488e+05
6.694515644321679702e+02 1.667135609151809331e+04 7.605546400000000000e+07 1.376280938053767022e+05
7.511370095542124545e+02 1.373013727726907928e+04 7.292754400000000000e+07 1.047653780159101880e+05
8.427895864290170493e+02 1.092575201188788014e+04 6.992919200000000000e+07 7.826385070055113465e+04
9.456254690668768035e+02 8.522983446909085615e+03 6.632738800000000000e+07 5.961383442612608633e+04
1.061009227150985680e+03 6.800416171224380378e+03 6.405268400000000000e+07 4.771896065965194430e+04
1.190471933048070014e+03 5.287326858904532855e+03 6.241024800000000000e+07 3.755933718839207722e+04
1.335731478208466797e+03 4.174989121259909552e+03 6.140156400000000000e+07 2.814554137836649898e+04
1.498715368541940961e+03 2.943881184473397298e+03 6.063736800000000000e+07 2.040630541542585343e+04
1.681586301250025372e+03 1.654264654183499715e+03 5.048662800000000000e+07 1.543358949653643140e+04
1.886770862503909484e+03 9.196064162253418317e+02 4.097776800000000000e+07 1.051061633634061945e+04
2.116991726768620083e+03 5.847165156745336390e+02 3.267619600000000000e+07 5.705232505777687948e+03
2.375303785038971910e+03 4.099481655691162700e+02 2.736252600000000000e+07 3.269935474432876617e+03
2.665134681387029559e+03 3.069808445619248687e+02 2.362112200000000000e+07 2.407050522934659512e+03
