# M200: 5.81e+14 [Msun/h], R200 1536.73 [kpc/h], center: 499056.96 498854.26 500243.47 [kpc/h] 
#  radius [kpc/h] density [Msun/h/(kpc/h)^3] MW temp [k] total density [Msun/h/(kpc/h)^3]
1.061009227150981715e+01 5.120431914591657696e+05 5.521472000000000000e+07 6.287982442681919783e+07
1.190471933048065623e+01 1.584716340825976804e+06 6.866521600000000000e+07 4.949255632568075508e+07
1.335731478208461098e+01 3.868301044243928627e+05 6.303256400000000000e+07 4.347393444810011983e+07
1.498715368541934367e+01 4.453584592982804752e+05 6.168512400000000000e+07 3.961253192407251894e+07
1.681586301250018778e+01 5.409826539774314733e+05 6.840096000000000000e+07 3.418156130851350725e+07
1.886770862503902180e+01 2.978115520069234190e+05 6.242886000000000000e+07 2.741085453922837228e+07
2.116991726768610960e+01 6.177693424467524746e+05 6.507084400000000000e+07 2.836625575933216140e+07
2.375303785038961735e+01 4.193600702598526841e+05 6.569706800000000000e+07 2.475142858032646403e+07
2.665134681387019100e+01 3.572718012776636751e+05 7.388571200000000000e+07 1.936483362169716880e+07
2.990330295716419329e+01 3.836297450103884330e+05 7.224779200000000000e+07 1.648246316373784095e+07
3.355205776252070393e+01 3.162180877991645830e+05 6.694051600000000000e+07 1.456617997931960598e+07
3.764602798935368355e+01 2.962416254603061243e+05 7.189866400000000000e+07 1.305811043117286824e+07
4.223953813522307144e+01 3.223329955612029298e+05 7.472920000000000000e+07 1.105001202345423587e+07
4.739354128891183393e+01 2.821778471431744983e+05 7.338729600000000000e+07 9.177461561807679012e+06
5.317642794088114755e+01 2.735736034699173761e+05 7.894803200000000000e+07 7.806418654659756459e+06
5.966493348352720716e+01 2.317248777523206372e+05 7.618156800000000000e+07 6.450023952495055273e+06
6.694515644321666059e+01 2.294999381445560139e+05 7.415281600000000000e+07 5.319365277295989916e+06
7.511370095542110903e+01 1.978256674556009821e+05 7.338958400000000000e+07 4.508110457370870747e+06
8.427895864290151451e+01 1.918178108914094337e+05 7.150316000000000000e+07 4.044203848299135454e+06
9.456254690668745866e+01 1.716283537307032966e+05 7.137928000000000000e+07 3.189008452196849976e+06
1.061009227150983634e+02 1.581380200593745103e+05 7.149572800000000000e+07 2.831877471559967380e+06
1.190471933048067683e+02 1.386581366806660080e+05 7.201388000000000000e+07 2.242043881936180871e+06
1.335731478208464296e+02 1.288936283562970348e+05 7.233021600000000000e+07 1.939287399147741031e+06
1.498715368541937778e+02 1.134634186015451996e+05 6.909723200000000000e+07 1.658588376716837753e+06
1.681586301250021904e+02 1.026506934677156096e+05 6.543142400000000000e+07 1.349884508526742924e+06
1.886770862503905732e+02 8.999250160742852313e+04 6.275986800000000000e+07 1.155342096044281265e+06
2.116991726768615933e+02 8.078147395209867682e+04 6.043381600000000000e+07 9.070656577266239328e+05
2.375303785038967135e+02 6.879460743680869928e+04 5.800209200000000000e+07 7.169846426919394871e+05
2.665134681387023647e+02 5.878789196863507823e+04 5.524154000000000000e+07 6.011025681939773494e+05
2.990330295716424871e+02 4.766868457606929587e+04 5.402126000000000000e+07 4.643078206569116446e+05
3.355205776252078067e+02 3.788502422423688404e+04 5.304150400000000000e+07 3.739963200572903152e+05
3.764602798935376313e+02 2.939401555973065115e+04 5.172550000000000000e+07 2.807545330335819745e+05
4.223953813522314817e+02 2.217943311679542603e+04 5.180732800000000000e+07 2.082973859262511251e+05
4.739354128891192204e+02 1.751718502710062967e+04 5.049142000000000000e+07 1.441466184328609961e+05
5.317642794088127403e+02 1.388211677559733835e+04 4.731345200000000000e+07 1.029020963992553588e+05
5.966493348352735211e+02 1.067370324881974557e+04 4.584761200000000000e+07 7.872651383652001095e+04
6.694515644321679702e+02 8.055101036187712452e+03 4.594371600000000000e+07 6.060270148593605700e+04
7.511370095542124545e+02 6.178462925001116673e+03 4.611818400000000000e+07 4.747514339013575955e+04
8.427895864290170493e+02 5.010660544160949030e+03 4.433251200000000000e+07 3.916830540895107697e+04
9.456254690668768035e+02 4.028548897959230999e+03 4.116064000000000000e+07 3.265662815869929545e+04
1.061009227150985680e+03 3.237425859740598298e+03 3.892060800000000000e+07 2.614337086964639093e+04
1.190471933048070014e+03 2.585200520468498325e+03 3.959705200000000000e+07 2.045984273231016050e+04
1.335731478208466797e+03 2.056148098804867004e+03 4.274535200000000000e+07 1.536865152237326947e+04
1.498715368541940961e+03 1.645036415103288846e+03 4.422521600000000000e+07 1.198279327535253287e+04
1.681586301250025372e+03 1.335731205797429084e+03 3.841288400000000000e+07 1.093454879443305435e+04
1.886770862503909484e+03 9.855614919460811052e+02 3.418141600000000000e+07 8.174151110308380339e+03
2.116991726768620083e+03 7.373911027355071610e+02 3.229689600000000000e+07 5.741181965227753608e+03
2.375303785038971910e+03 5.829454382513154087e+02 3.040344600000000000e+07 4.987982606352197763e+03
2.665134681387029559e+03 4.352887323529349146e+02 2.816994800000000000e+07 3.917599510056980307e+03
