# M200: 1.60e+14 [Msun/h], R200 742.22 [kpc/h], center: 500693.99 501007.65 500661.99 [kpc/h] 
#  radius [kpc/h] density [Msun/h/(kpc/h)^3] MW temp [k] total density [Msun/h/(kpc/h)^3]
1.061009227150981715e+01 4.259489209557875292e+05 2.149880000000000000e+07 2.792993525888008624e+07
1.190471933048065623e+01 1.152261867203902075e+05 2.279962000000000000e+07 3.093633807135675475e+07
1.335731478208461098e+01 1.921676397354631044e+05 2.527278600000000000e+07 2.866629174395188317e+07
1.498715368541934367e+01 6.130825145250195637e+05 3.564365200000000000e+07 2.349694389772680402e+07
1.681586301250018778e+01 3.510521159894182929e+05 3.622181200000000000e+07 2.062739158841731772e+07
1.886770862503902180e+01 3.184417782831798540e+05 6.696199600000000000e+07 1.779867356898032874e+07
2.116991726768610960e+01 1.598742611840587633e+05 3.475046800000000000e+07 1.564546155198282562e+07
2.375303785038961735e+01 7.582469304116367130e+04 4.949886400000000000e+07 1.232331618592707254e+07
2.665134681387019100e+01 6.907823740989243379e+04 5.502566800000000000e+07 1.171208040538344719e+07
2.990330295716419329e+01 1.058359561772246525e+05 6.221336800000000000e+07 9.495802251087220386e+06
3.355205776252070393e+01 1.525605573003492609e+05 5.621925600000000000e+07 8.585491436819931492e+06
3.764602798935368355e+01 1.165791849201532459e+05 5.692687600000000000e+07 7.478322013482173905e+06
4.223953813522307144e+01 1.048473045819049148e+05 6.658471200000000000e+07 5.881986181901961565e+06
4.739354128891183393e+01 8.546787800100480672e+04 5.335682800000000000e+07 4.770957063523776829e+06
5.317642794088114755e+01 1.013463695961363264e+05 5.368521200000000000e+07 4.072280773458395153e+06
5.966493348352720716e+01 1.035330083195248008e+05 5.212682000000000000e+07 3.439195527650249191e+06
6.694515644321666059e+01 7.608803504572690872e+04 5.310922000000000000e+07 2.574192481503366958e+06
7.511370095542110903e+01 8.959481595708079112e+04 5.179721200000000000e+07 2.235543984565318096e+06
8.427895864290151451e+01 7.419916627034894191e+04 5.076114800000000000e+07 1.999939484917165246e+06
9.456254690668745866e+01 7.083747866708513175e+04 4.807584400000000000e+07 1.391742740601423196e+06
1.061009227150983634e+02 6.755776470150174282e+04 4.706778000000000000e+07 1.145982938051620964e+06
1.190471933048067683e+02 6.203656233570959012e+04 4.492853200000000000e+07 9.262731640566730639e+05
1.335731478208464296e+02 5.582993573949530401e+04 4.344249600000000000e+07 9.019458403227989329e+05
1.498715368541937778e+02 5.197146544449131034e+04 4.232170800000000000e+07 6.697929568778559333e+05
1.681586301250021904e+02 4.750683120120224339e+04 4.082817200000000000e+07 5.432669712271698518e+05
1.886770862503905732e+02 4.237583455175605195e+04 4.034413200000000000e+07 4.588726219887394109e+05
2.116991726768615933e+02 3.755318514723503176e+04 4.053557200000000000e+07 3.873110571065477561e+05
2.375303785038967135e+02 3.255237126797225937e+04 4.056036000000000000e+07 3.252175579455402330e+05
2.665134681387023647e+02 2.832568032498760658e+04 4.185654000000000000e+07 2.971526511779997381e+05
2.990330295716424871e+02 2.462364377996907206e+04 4.338147600000000000e+07 2.739698336420565611e+05
3.355205776252078067e+02 2.112811647366923717e+04 4.546689200000000000e+07 1.935565082173267438e+05
3.764602798935376313e+02 1.716587170293370582e+04 4.760168000000000000e+07 1.618442427425953792e+05
4.223953813522314817e+02 1.465290644767826961e+04 4.863039600000000000e+07 1.207257137764108338e+05
4.739354128891192204e+02 1.255725110943219624e+04 4.890747200000000000e+07 9.390815025895526924e+04
5.317642794088127403e+02 1.076377356938210687e+04 4.782705200000000000e+07 7.511686689004443178e+04
5.966493348352735211e+02 9.050783759341898985e+03 4.656836800000000000e+07 6.586179693604215572e+04
6.694515644321679702e+02 7.594363950334707624e+03 4.557568000000000000e+07 5.615266208504864335e+04
7.511370095542124545e+02 6.478665229867052403e+03 4.357195200000000000e+07 5.151344038716608338e+04
8.427895864290170493e+02 5.441797171361251458e+03 4.080350800000000000e+07 5.202435563262593496e+04
9.456254690668768035e+02 4.396625476193769828e+03 3.941345600000000000e+07 3.927975059489794512e+04
1.061009227150985680e+03 3.626884255670343009e+03 3.766966000000000000e+07 3.177415455696055869e+04
1.190471933048070014e+03 3.078793944578554147e+03 3.761468000000000000e+07 2.610998913623678891e+04
1.335731478208466797e+03 2.707192992680908901e+03 3.857356800000000000e+07 2.647843707845248719e+04
1.498715368541940961e+03 2.346989444587548860e+03 3.913400400000000000e+07 2.575385297291515963e+04
1.681586301250025372e+03 1.782735111002909207e+03 3.494540800000000000e+07 1.602371893470952091e+04
1.886770862503909484e+03 1.269808073924153632e+03 3.095458600000000000e+07 1.135080957139797101e+04
2.116991726768620083e+03 9.381260298041743226e+02 2.867467200000000000e+07 8.316484293260464256e+03
2.375303785038971910e+03 7.632986449247781593e+02 2.729033000000000000e+07 6.520913908296337468e+03
2.665134681387029559e+03 6.564544020039118095e+02 2.901789400000000000e+07 5.004360780280143445e+03
