# M200: 5.69e+14 [Msun/h], R200 1526.61 [kpc/h], center: 502186.47 500854.38 500254.50 [kpc/h] 
#  radius [kpc/h] density [Msun/h/(kpc/h)^3] MW temp [k] total density [Msun/h/(kpc/h)^3]
1.061009227150981715e+01 3.427002549963210244e+06 1.418922900000000000e+07 8.804501284631298482e+07
1.190471933048065623e+01 1.389792303821084322e+06 5.229371200000000000e+07 5.863302414085100591e+07
1.335731478208461098e+01 4.784890272884471924e+05 4.123174800000000000e+07 5.743830389491970092e+07
1.498715368541934367e+01 7.852988939654649002e+05 4.081478800000000000e+07 4.940085517691289634e+07
1.681586301250018778e+01 3.804537953507766942e+05 5.129256000000000000e+07 3.928621417671968788e+07
1.886770862503902180e+01 6.555394827963956632e+05 5.080247600000000000e+07 3.439054721176039428e+07
2.116991726768610960e+01 4.343302411308737937e+05 5.473964800000000000e+07 2.736087987436715513e+07
2.375303785038961735e+01 4.826387792552034371e+05 4.938306800000000000e+07 2.384482172197121382e+07
2.665134681387019100e+01 3.416491865296044853e+05 5.413122400000000000e+07 1.942668576977560669e+07
2.990330295716419329e+01 2.950431995688044117e+05 5.497649600000000000e+07 1.691016494830285758e+07
3.355205776252070393e+01 2.928404322797288187e+05 5.634727600000000000e+07 1.452549972254622914e+07
3.764602798935368355e+01 2.721413238334352500e+05 5.250579200000000000e+07 1.191901200910650194e+07
4.223953813522307144e+01 2.119695234581557743e+05 5.777112800000000000e+07 9.788660931036559865e+06
4.739354128891183393e+01 1.847630660380494373e+05 5.872461200000000000e+07 8.565627613746963441e+06
5.317642794088114755e+01 1.801833737482829019e+05 5.945050800000000000e+07 6.059676411928115413e+06
5.966493348352720716e+01 1.544349463942172588e+05 6.089994800000000000e+07 5.169283569688792340e+06
6.694515644321666059e+01 1.560386285801291815e+05 6.065911200000000000e+07 4.383730114853257313e+06
7.511370095542110903e+01 1.236813388328456058e+05 6.084291200000000000e+07 3.540227552270729095e+06
8.427895864290151451e+01 1.233380832481859106e+05 6.175985600000000000e+07 2.822287658950244077e+06
9.456254690668745866e+01 1.105938427799345227e+05 6.337847600000000000e+07 2.347258319551695604e+06
1.061009227150983634e+02 9.735773452183417976e+04 6.376050400000000000e+07 1.896259834970022319e+06
1.190471933048067683e+02 8.411410527386318427e+04 6.246469200000000000e+07 1.603363708021871978e+06
1.335731478208464296e+02 7.497080360521176772e+04 6.235598800000000000e+07 1.378286944277166622e+06
1.498715368541937778e+02 6.640076876776680001e+04 6.343970000000000000e+07 1.137045405609065900e+06
1.681586301250021904e+02 5.947771678133254318e+04 6.376360800000000000e+07 9.534359519175419118e+05
1.886770862503905732e+02 5.506720997771597467e+04 6.424225200000000000e+07 8.469192663974630414e+05
2.116991726768615933e+02 5.158048291590097506e+04 6.291408800000000000e+07 6.865925682312508579e+05
2.375303785038967135e+02 4.774049346846354456e+04 6.118104800000000000e+07 5.698971137458184967e+05
2.665134681387023647e+02 4.255445973974268418e+04 5.915749200000000000e+07 4.777976787896610913e+05
2.990330295716424871e+02 3.792878236323774036e+04 5.842978000000000000e+07 4.024808910687993048e+05
3.355205776252078067e+02 3.307029516390347271e+04 5.910344000000000000e+07 3.274756064944792888e+05
3.764602798935376313e+02 2.882582481173003544e+04 5.945545200000000000e+07 2.629588846610663459e+05
4.223953813522314817e+02 2.478761281321552451e+04 5.816701200000000000e+07 2.176372851128769107e+05
4.739354128891192204e+02 2.028947420082037934e+04 5.624406000000000000e+07 1.679092838106177223e+05
5.317642794088127403e+02 1.586718916986046133e+04 5.528516400000000000e+07 1.328566383163228165e+05
5.966493348352735211e+02 1.187882695594597499e+04 5.556002800000000000e+07 1.086387236354531051e+05
6.694515644321679702e+02 8.780321559403242645e+03 5.356242400000000000e+07 9.276186212383645761e+04
7.511370095542124545e+02 6.702859244482204303e+03 4.734560800000000000e+07 6.210222774622871657e+04
8.427895864290170493e+02 4.991700489619598557e+03 4.112660800000000000e+07 4.420614929567667423e+04
9.456254690668768035e+02 3.936081473245560574e+03 3.833090000000000000e+07 3.155546695737049231e+04
1.061009227150985680e+03 3.128499840394742932e+03 3.502130400000000000e+07 2.152805525866724565e+04
1.190471933048070014e+03 2.364703783531804220e+03 3.190014200000000000e+07 1.775240673897126908e+04
1.335731478208466797e+03 1.719385303090696880e+03 2.849508600000000000e+07 1.338286630382394833e+04
1.498715368541940961e+03 1.266436668996498156e+03 2.478120600000000000e+07 1.040530222764321661e+04
1.681586301250025372e+03 9.194196161211989420e+02 2.193929200000000000e+07 7.984399109168840369e+03
1.886770862503909484e+03 6.391728202485846850e+02 2.048675400000000000e+07 5.321626673165795182e+03
2.116991726768620083e+03 4.197959870172659294e+02 1.993640600000000000e+07 3.513967990855626795e+03
2.375303785038971910e+03 2.857318716882928129e+02 1.837438000000000000e+07 2.394076588895045461e+03
2.665134681387029559e+03 2.045725243956321151e+02 1.786345800000000000e+07 1.455925825600978897e+03
