# \log M500 [M_sun], f_gas, f_l, f_u
1.309999999999999964e+01 2.648876234889030457e-02 9.266064241528511672e-03 7.053804427385329534e-02
1.329999999999999893e+01 2.743506617844104767e-02 1.040881089866161312e-02 7.377431541681289673e-02
1.349999999999999822e+01 3.272838890552520752e-02 1.690550692379474626e-02 7.700603276491164995e-02
1.369999999999999751e+01 4.577944800257682800e-02 2.887384340167045704e-02 7.765890121459960438e-02
1.389999999999999680e+01 5.988717451691627502e-02 4.301358088850975453e-02 7.922057807445526123e-02
1.409999999999999609e+01 7.723508775234222412e-02 6.212486326694488525e-02 9.063301086425781805e-02
1.429999999999999538e+01 8.700090646743774414e-02 7.812205016613006647e-02 9.832898467779159490e-02
1.449999999999999467e+01 1.017652228474617004e-01 8.861807733774185181e-02 1.096386969089508112e-01
1.469999999999999396e+01 1.152962520718574524e-01 1.061832860112190274e-01 1.208783796429634128e-01
1.489999999999999325e+01 1.207852698862552643e-01 1.130338045954704246e-01 1.268790996074676269e-01
1.509999999999999254e+01 1.278390735387802124e-01 1.203425917029380676e-01 1.337394237518310658e-01
1.529999999999999183e+01 1.278029978275299072e-01 1.263975074887275785e-01 1.357756108045578003e-01
