# \log M500 [M_sun], f_gas, f_l, f_u
1.309999999999999964e+01 6.243522092700004578e-02 4.512951374053954939e-02 8.399439901113510409e-02
1.329999999999999893e+01 7.469408214092254639e-02 5.717766508460044722e-02 9.567937999963760376e-02
1.349999999999999822e+01 8.635368198156356812e-02 6.843615412712096557e-02 1.036117646098136946e-01
1.369999999999999751e+01 9.693688154220581055e-02 7.812687039375304510e-02 1.116261225938796897e-01
1.389999999999999680e+01 1.063067242503166199e-01 8.600911617279052845e-02 1.188835334777832015e-01
1.409999999999999609e+01 1.143064424395561218e-01 9.659696221351622702e-02 1.245990648865699657e-01
1.429999999999999538e+01 1.204077526926994324e-01 1.002939251065254056e-01 1.288847613334655751e-01
1.449999999999999467e+01 1.262805834412574768e-01 1.112460938096046376e-01 1.348472797870635953e-01
1.469999999999999396e+01 1.290299892425537109e-01 1.208615449070930409e-01 1.369360882043838545e-01
1.489999999999999325e+01 1.335679218173027039e-01 1.280863648653030318e-01 1.384311389923095770e-01
1.509999999999999254e+01 1.352769732475280762e-01 1.304238593578338767e-01 1.397321087121963512e-01
1.529999999999999183e+01 1.353948861360549927e-01 1.335437041521072565e-01 1.378376179933548107e-01
