# \log M500 [M_sun], f_gas, f_l, f_u
1.309999999999999964e+01 9.028431773185729980e-02 8.217907011508941706e-02 9.671165913343429676e-02
1.329999999999999893e+01 9.382756799459457397e-02 8.605014115571975319e-02 1.002984705567359913e-01
1.349999999999999822e+01 9.687047451734542847e-02 8.995307177305221502e-02 1.029229873418807950e-01
1.369999999999999751e+01 9.977638721466064453e-02 9.345720976591109785e-02 1.057271039485931374e-01
1.389999999999999680e+01 1.024550721049308777e-01 9.704823285341263039e-02 1.085892936587333768e-01
1.409999999999999609e+01 1.042992919683456421e-01 9.978401660919189453e-02 1.089108660817146301e-01
1.429999999999999538e+01 1.074962317943572998e-01 1.029897779226303101e-01 1.130753844976425115e-01
1.449999999999999467e+01 1.087072454392910004e-01 1.044444382190704290e-01 1.136260417103767406e-01
1.469999999999999396e+01 1.094830669462680817e-01 1.049165496230125422e-01 1.148123103380203208e-01
1.489999999999999325e+01 1.123770102858543396e-01 1.078232669830322260e-01 1.168115276098251332e-01
1.509999999999999254e+01 1.143073402345180511e-01 1.104452684521675110e-01 1.181490588188171542e-01
1.529999999999999183e+01 1.149695403873920441e-01 1.104014381766319219e-01 1.165222707390785178e-01
