# \log M500 [M_sun], f_star, f_l, f_u
1.309999999999999964e+01 2.901821956038475037e-02 2.001849301159382144e-02 3.694478645920753340e-02
1.329999999999999893e+01 2.538959868252277374e-02 1.781414903700351618e-02 3.286855518817901473e-02
1.349999999999999822e+01 2.335704676806926727e-02 1.711924001574516296e-02 2.962031401693820953e-02
1.369999999999999751e+01 2.082705125212669373e-02 1.555464044213294983e-02 2.648408934473991602e-02
1.389999999999999680e+01 1.882112212479114532e-02 1.467728789895772837e-02 2.335200745612382722e-02
1.409999999999999609e+01 1.737095415592193604e-02 1.415874853730201763e-02 2.143564619123935686e-02
1.429999999999999538e+01 1.588799059391021729e-02 1.402333132922649328e-02 1.827056769281625720e-02
1.449999999999999467e+01 1.519802398979663849e-02 1.351847250014543561e-02 1.756402529776096219e-02
1.469999999999999396e+01 1.376380026340484619e-02 1.269417211413383442e-02 1.524672929197549640e-02
1.489999999999999325e+01 1.293199695646762848e-02 1.210704930126666953e-02 1.421068519353866494e-02
1.509999999999999254e+01 1.256735250353813171e-02 1.176798790693283150e-02 1.357375886291265453e-02
1.529999999999999183e+01 1.177005749195814133e-02 1.148332353681325892e-02 1.235816627740859985e-02
