# \log M500 [M_sun], f_star, f_l, f_u
1.309999999999999964e+01 5.558081530034542084e-02 4.879618749022483770e-02 6.419029548764228210e-02
1.329999999999999893e+01 5.379845015704631805e-02 4.803126826882362505e-02 6.264917016029357411e-02
1.349999999999999822e+01 5.089472979307174683e-02 4.616030648350715609e-02 5.739923700690269248e-02
1.369999999999999751e+01 4.864883050322532654e-02 4.429416269063949502e-02 5.405842483043669933e-02
1.389999999999999680e+01 4.611514136195182800e-02 4.273482471704483088e-02 5.031726822257041876e-02
1.409999999999999609e+01 4.372515529394149780e-02 4.087797924876213074e-02 4.811165481805801392e-02
1.429999999999999538e+01 4.117326438426971436e-02 3.868749514222145219e-02 4.537219256162643155e-02
1.449999999999999467e+01 4.063321836292743683e-02 3.813762560486793490e-02 4.348668947815895192e-02
1.469999999999999396e+01 3.690675459802150726e-02 3.434880912303924644e-02 4.011013895273209118e-02
1.489999999999999325e+01 3.635361790657043457e-02 3.389838978648185980e-02 3.823919475078582653e-02
1.509999999999999254e+01 3.454764932394027710e-02 3.206052616238593694e-02 3.688550271093845451e-02
1.529999999999999183e+01 3.329548425972461700e-02 3.033220544457435747e-02 3.410014756023883875e-02
