# \log M500 [M_sun], f_star, f_l, f_u
1.309999999999999964e+01 2.183481398969888687e-02 1.554574836045503720e-02 3.177166655659675182e-02
1.329999999999999893e+01 1.995254866778850555e-02 1.473380066454410553e-02 2.777017690241336684e-02
1.349999999999999822e+01 1.861539483070373535e-02 1.407388389110565165e-02 2.486336316913366137e-02
1.369999999999999751e+01 1.741852331906557083e-02 1.354079052805900497e-02 2.278591621667146877e-02
1.389999999999999680e+01 1.651393622159957886e-02 1.328940950334072182e-02 2.095524743199348588e-02
1.409999999999999609e+01 1.541816350072622299e-02 1.274105459451675519e-02 1.910737641155719688e-02
1.429999999999999538e+01 1.505617611110210419e-02 1.282043371349573038e-02 1.854653127491474179e-02
1.449999999999999467e+01 1.413004659116268158e-02 1.187669999897479969e-02 1.696773223578930054e-02
1.469999999999999396e+01 1.341315917670726776e-02 1.182794533669948717e-02 1.564656600356102018e-02
1.489999999999999325e+01 1.315075950697064400e-02 1.183582808822393473e-02 1.489002157002687447e-02
1.509999999999999254e+01 1.308246888220310211e-02 1.167461302131414351e-02 1.478362638503313148e-02
1.529999999999999183e+01 1.194386370480060577e-02 1.169825226068496593e-02 1.312108423560857766e-02
